752951839063150592	{"20tot40": 0.4424401555595967, "onder20": 0.029958361439026006, "40plus": 0.5276014830013807}
752155456127299584	{"20tot40": 0.23026422698170243, "onder20": 0.6435612155980057, "40plus": 0.12617455742029185}
746376989330792448	{"20tot40": 0.42311786082908565, "onder20": 0.11000042659735806, "40plus": 0.46688171257355626}
743419257531338752	{"20tot40": 0.23026422698170243, "onder20": 0.6435612155980057, "40plus": 0.12617455742029185}
724660067518296064	{"20tot40": 0.39482046616698957, "onder20": 0.0016174086279698782, "40plus": 0.6035621252050475}
720309845228974081	{"20tot40": 0.26684894965738976, "onder20": 0.6135185850375281, "40plus": 0.11963246530508208}
714732299699486721	{"20tot40": 0.5596488626980735, "onder20": 0.2271440537066521, "40plus": 0.21320708359527166}
712544227666882565	{"20tot40": 0.31293292689741603, "onder20": 0.5374932809259497, "40plus": 0.1495737921766342}
711560642059182080	{"20tot40": 0.12103351340920128, "onder20": 0.8593507396839245, "40plus": 0.019615746906874166}
705778968222425088	{"20tot40": 0.35521835982918143, "onder20": 0.0017106661761521775, "40plus": 0.643070973994669}
705693555768074240	{"20tot40": 0.20938945820404456, "onder20": 0.6480158205408719, "40plus": 0.14259472125508368}
702225191426990084	{"20tot40": 0.31180139510363414, "onder20": 0.0011091960183609551, "40plus": 0.6870894088780042}
699596456248926209	{"20tot40": 0.1926851623299451, "onder20": 0.7579568839905616, "40plus": 0.049357953679490224}
699299835594276864	{"20tot40": 0.5855721028518254, "onder20": 0.005146042261923608, "40plus": 0.4092818548862445}
698083870177153024	{"20tot40": 0.8183987100775639, "onder20": 0.06913610718037091, "40plus": 0.11246518274206786}
698076770315214848	{"20tot40": 0.2799746056406142, "onder20": 0.6052854193472407, "40plus": 0.11473997501214363}
696693214141612032	{"20tot40": 0.4352414560910807, "onder20": 0.052193531415092434, "40plus": 0.5125650124938274}
696691250674733056	{"20tot40": 0.17167864049342624, "onder20": 0.7233953676834506, "40plus": 0.104925991823123}
696679904054812673	{"20tot40": 0.46832312740489673, "onder20": 0.21553802000871639, "40plus": 0.3161388525863856}
693890858534445057	{"20tot40": 0.08748514601530255, "onder20": 0.8970085898584726, "40plus": 0.015506264126224708}
693401827556118528	{"20tot40": 0.17236477624341484, "onder20": 0.803238101688053, "40plus": 0.02439712206853769}
693368306070392832	{"20tot40": 0.7472460664858812, "onder20": 0.23925429706338852, "40plus": 0.013499636450731479}
688787096627204096	{"20tot40": 0.35538583013482805, "onder20": 0.593610956406707, "40plus": 0.05100321345846579}
688753978339946496	{"20tot40": 0.18463463874700564, "onder20": 0.7714247245763132, "40plus": 0.04394063667668262}
687926999470465024	{"20tot40": 0.39905313727063585, "onder20": 0.5388408654757324, "40plus": 0.06210599725363245}
684830514327453696	{"20tot40": 0.1392270230506079, "onder20": 0.8305915055887717, "40plus": 0.030181471360620223}
677861088654831616	{"20tot40": 0.25952457624355757, "onder20": 0.6807638914249248, "40plus": 0.059711532331517034}
677843807824683008	{"20tot40": 0.5426444544899297, "onder20": 0.34153545975785266, "40plus": 0.11582008575221747}
675239080804880384	{"20tot40": 0.4702710220706021, "onder20": 0.034816768659039724, "40plus": 0.49491220927035295}
673612187034902528	{"20tot40": 0.21067292726627315, "onder20": 0.6789108480170943, "40plus": 0.11041622471662935}
673451843469631488	{"20tot40": 0.504832029060528, "onder20": 0.3021077446073077, "40plus": 0.19306022633216482}
672702939870425088	{"20tot40": 0.4177006358562368, "onder20": 0.04877096435768354, "40plus": 0.5335283997860787}
672126469963935744	{"20tot40": 0.565829496470156, "onder20": 0.02948346692313177, "40plus": 0.4046870366067079}
670653568966369281	{"20tot40": 0.09719857366724526, "onder20": 0.8114714906115102, "40plus": 0.09132993572124383}
670553228283654144	{"20tot40": 0.5411283281020918, "onder20": 0.08123193199776024, "40plus": 0.37763973990014327}
669795344260165633	{"20tot40": 0.3607856118224109, "onder20": 0.016828503042685655, "40plus": 0.6223858851349066}
668691461274263552	{"20tot40": 0.1714642729267173, "onder20": 3.583240245365915e-05, "40plus": 0.8284998946708317}
665976764095664128	{"20tot40": 0.5569770628929472, "onder20": 0.21640611712050184, "40plus": 0.2266168199865471}
662738594059059201	{"20tot40": 0.6932460434945187, "onder20": 0.27504173401741416, "40plus": 0.031712222488067994}
661997801316990976	{"20tot40": 0.3898824472928411, "onder20": 0.05912802813148758, "40plus": 0.5509895245756721}
661997701698101249	{"20tot40": 0.7853022740002352, "onder20": 0.004916391239789068, "40plus": 0.20978133475997207}
660015768973778944	{"20tot40": 0.27956245432261995, "onder20": 0.015259998061978008, "40plus": 0.7051775476153984}
658333438609641473	{"20tot40": 0.4987285032486817, "onder20": 0.0017099898852812895, "40plus": 0.49956150686605033}
648945313080709120	{"20tot40": 0.643233427365813, "onder20": 0.1378844711747885, "40plus": 0.21888210145939754}
648388489113960448	{"20tot40": 0.19489632819255667, "onder20": 0.7067403324182252, "40plus": 0.0983633393892167}
647674544682086400	{"20tot40": 0.2851335144800855, "onder20": 0.6787109176914892, "40plus": 0.036155567828423114}
646600798621802496	{"20tot40": 0.670298487151006, "onder20": 0.20237386821795347, "40plus": 0.1273276446310367}
645895020898332672	{"20tot40": 0.5704512539560238, "onder20": 0.17575484632318586, "40plus": 0.2537938997207908}
641510069235023872	{"20tot40": 0.27789361468950746, "onder20": 0.634279899132629, "40plus": 0.08782648617786014}
639535449023885312	{"20tot40": 0.45522718026143566, "onder20": 0.23319940978291553, "40plus": 0.3115734099556494}
638450413545615360	{"20tot40": 0.6338778019946774, "onder20": 0.00010101361735745435, "40plus": 0.36602118438796677}
627934867687362560	{"20tot40": 0.32417471536036163, "onder20": 0.6118218052938638, "40plus": 0.06400347934577755}
626015770938605569	{"20tot40": 0.33759454779743003, "onder20": 0.5367776904482814, "40plus": 0.12562776175428944}
619437960652529664	{"20tot40": 0.22217962637069075, "onder20": 0.6500206719860555, "40plus": 0.12779970164325352}
616603871847284736	{"20tot40": 0.29588201757506954, "onder20": 0.5779775619591475, "40plus": 0.12614042046578172}
615970928950943744	{"20tot40": 0.4850694191090706, "onder20": 0.016275309817406883, "40plus": 0.4986552710735157}
614461033743294464	{"20tot40": 0.36814765244887154, "onder20": 0.4032608919091297, "40plus": 0.22859145564200342}
614460614606458880	{"20tot40": 0.6430434359084457, "onder20": 0.04901395905109664, "40plus": 0.30794260504045595}
611827303132364800	{"20tot40": 0.3998219183357623, "onder20": 0.0030251707226878533, "40plus": 0.597152910941548}
611532102518112256	{"20tot40": 0.12316333246206339, "onder20": 0.00012160181077740561, "40plus": 0.8767150657271595}
605022818183598080	{"20tot40": 0.004916612476470852, "onder20": 5.662557855913174e-09, "40plus": 0.995083381860975}
604598415171964928	{"20tot40": 0.6388969548107152, "onder20": 0.053722445884001, "40plus": 0.3073805993052878}
604567651457875968	{"20tot40": 0.1844789098965973, "onder20": 0.8128446314308323, "40plus": 0.002676458672577595}
600755512699826176	{"20tot40": 0.25132895829191515, "onder20": 0.026617092960068128, "40plus": 0.7220539487480141}
591596722884775936	{"20tot40": 0.25648322552956954, "onder20": 0.6327217617144795, "40plus": 0.1107950127559507}
590837470322884608	{"20tot40": 0.38515826092406913, "onder20": 0.01581982403352041, "40plus": 0.599021915042417}
587957921985748992	{"20tot40": 0.4272646750911859, "onder20": 0.01558051936700965, "40plus": 0.5571548055418087}
587891631581503488	{"20tot40": 0.3782904956785228, "onder20": 0.2645398816052426, "40plus": 0.3571696227162358}
580360139485634560	{"20tot40": 0.2424377478961923, "onder20": 0.6251015281605969, "40plus": 0.13246072394321123}
577366077451165696	{"20tot40": 0.31812304052180806, "onder20": 1.068044241254993e-05, "40plus": 0.6818662790357795}
575232475082932224	{"20tot40": 0.35480613436022296, "onder20": 0.09836839856608826, "40plus": 0.5468254670736904}
571255421320728576	{"20tot40": 0.3653688292884831, "onder20": 0.16374331691451272, "40plus": 0.470887853797005}
569128310455853057	{"20tot40": 0.0944784406947845, "onder20": 4.999352608021113e-06, "40plus": 0.9055165599526063}
569110440661397504	{"20tot40": 0.2632635645428327, "onder20": 0.002506845966026194, "40plus": 0.7342295894911516}
565074352518205440	{"20tot40": 0.35650322291426634, "onder20": 0.33220965257140533, "40plus": 0.3112871245143282}
564814312536305665	{"20tot40": 0.5907199114719629, "onder20": 0.00032877486668732775, "40plus": 0.40895131366136056}
559826793092616192	{"20tot40": 0.5509591839939619, "onder20": 0.12060407750949555, "40plus": 0.3284367384965465}
558535737264836608	{"20tot40": 0.25374255833741516, "onder20": 0.6134157160407503, "40plus": 0.13284172562183516}
558525869783003136	{"20tot40": 0.49840580123369066, "onder20": 0.2403460616988223, "40plus": 0.2612481370674839}
555783065835159552	{"20tot40": 0.1872983179247304, "onder20": 0.012733406967361659, "40plus": 0.799968275107909}
555135069359067137	{"20tot40": 0.11963442330343556, "onder20": 1.6378208720040323e-07, "40plus": 0.8803654129144899}
545237141820043265	{"20tot40": 0.4105086908897276, "onder20": 0.41370532989936426, "40plus": 0.1757859792109069}
545236810721685504	{"20tot40": 0.5785155841579122, "onder20": 0.0005143129043607553, "40plus": 0.4209701029377312}
545208614823006208	{"20tot40": 0.34679171064115394, "onder20": 0.46158718340472643, "40plus": 0.19162110595412038}
544475456364642304	{"20tot40": 0.4691888537786374, "onder20": 0.054070555756096594, "40plus": 0.4767405904652604}
538442253727834112	{"20tot40": 0.3625099369795562, "onder20": 0.3610149260092746, "40plus": 0.27647513701116944}
538442138585808897	{"20tot40": 0.46478527320062546, "onder20": 0.24765575590055297, "40plus": 0.2875589708988239}
536905218890674177	{"20tot40": 0.5267314221864636, "onder20": 0.09551829190976523, "40plus": 0.3777502859037712}
536487159239544833	{"20tot40": 0.05066204228858021, "onder20": 8.717510185061402e-05, "40plus": 0.9492507826095741}
528945657617580032	{"20tot40": 0.26614893817150265, "onder20": 0.05013565620377175, "40plus": 0.6837154056247254}
528925045750394880	{"20tot40": 0.25981713340460316, "onder20": 0.0005656256947849667, "40plus": 0.7396172409006133}
527718991826264064	{"20tot40": 0.6610800012586141, "onder20": 0.002441648337280817, "40plus": 0.33647835040409807}
527550694380027904	{"20tot40": 0.32132280152813275, "onder20": 0.21026460172048955, "40plus": 0.46841259675138003}
519609968685617152	{"20tot40": 0.41957759163902303, "onder20": 0.0073835380213783915, "40plus": 0.5730388703396029}
518784529184866304	{"20tot40": 0.3704635807695445, "onder20": 0.307391986068845, "40plus": 0.32214443316161445}
518783344784711680	{"20tot40": 0.30322733616757536, "onder20": 0.11849365898045106, "40plus": 0.578279004851976}
517641424385634306	{"20tot40": 0.4039676101349568, "onder20": 0.010404800994825047, "40plus": 0.5856275888702177}
517405605502681088	{"20tot40": 0.2817821101036146, "onder20": 0.015390219997719893, "40plus": 0.7028276698986633}
517401666237521920	{"20tot40": 0.2807057544727854, "onder20": 0.33213377783685216, "40plus": 0.3871604676903607}
517398303039045632	{"20tot40": 0.1901566102885932, "onder20": 6.308567610828945e-05, "40plus": 0.8097803040352936}
516327786773241856	{"20tot40": 0.6872333887647439, "onder20": 0.002762029104793204, "40plus": 0.31000458213045784}
513776057590480896	{"20tot40": 0.3118634713295419, "onder20": 0.29296463925665756, "40plus": 0.39517188941380244}
507150953649545216	{"20tot40": 0.8377441268343662, "onder20": 0.007949717813044944, "40plus": 0.15430615535258216}
505002894006173696	{"20tot40": 0.18549295404836222, "onder20": 0.6497466980280926, "40plus": 0.164760347923545}
501296200830574592	{"20tot40": 0.3350568859787713, "onder20": 0.5897275819498125, "40plus": 0.07521553207142315}
501031409616560128	{"20tot40": 0.2924091646814639, "onder20": 8.807400774658337e-05, "40plus": 0.7075027613107838}
497701249014173696	{"20tot40": 0.4168932373793133, "onder20": 0.14704249622385498, "40plus": 0.43606426639683277}
497369588829790209	{"20tot40": 0.1759273743129144, "onder20": 0.6890985926553027, "40plus": 0.13497403303178254}
497282812844580864	{"20tot40": 0.4192283526881505, "onder20": 0.14355179398548196, "40plus": 0.43721985332636615}
496579328868511744	{"20tot40": 0.18766478467493078, "onder20": 0.16614051800085283, "40plus": 0.6461946973242212}
496296909779111936	{"20tot40": 0.42374088175099694, "onder20": 0.4592705383345022, "40plus": 0.11698857991449949}
495287835029544960	{"20tot40": 0.8819029220417407, "onder20": 0.11334608453338996, "40plus": 0.004750993424869458}
495283438002642944	{"20tot40": 0.6239186890914924, "onder20": 0.13350436329169033, "40plus": 0.24257694761682028}
484103920516857857	{"20tot40": 0.33384700424475255, "onder20": 0.04895571504012769, "40plus": 0.6171972807151251}
483342892308910081	{"20tot40": 0.8701232988509324, "onder20": 0.011521638049339302, "40plus": 0.11835506309973248}
482267456791007232	{"20tot40": 0.01386293347061824, "onder20": 0.9773755970609037, "40plus": 0.008761469468477426}
475024195470901248	{"20tot40": 0.32366705849482047, "onder20": 0.4749076208266065, "40plus": 0.20142532067857113}
475013431850852352	{"20tot40": 0.5279058502617385, "onder20": 0.11354402023943151, "40plus": 0.3585501294988293}
474991996093100032	{"20tot40": 0.5724442395290285, "onder20": 0.304294646144848, "40plus": 0.12326111432612522}
474570299547996161	{"20tot40": 0.013766459348257484, "onder20": 9.491816643049367e-07, "40plus": 0.9862325914700735}
472473380361220096	{"20tot40": 0.3545218570400327, "onder20": 0.4480947663818577, "40plus": 0.19738337657810803}
468731841579470848	{"20tot40": 0.4221163020469507, "onder20": 0.03536142972610525, "40plus": 0.5425222682269437}
465727064213954560	{"20tot40": 0.39975362825372024, "onder20": 0.2631583691082938, "40plus": 0.3370880026379854}
464881644759818240	{"20tot40": 0.5820587692301424, "onder20": 0.002459489828270185, "40plus": 0.4154817409415888}
464651964848930816	{"20tot40": 0.09503443553213525, "onder20": 0.8940899107398415, "40plus": 0.010875653728025726}
464648387107635200	{"20tot40": 0.1481027235560518, "onder20": 0.6898454825065979, "40plus": 0.16205179393735353}
463712069078892544	{"20tot40": 0.19940643686301013, "onder20": 0.7163763976039894, "40plus": 0.08421716553299899}
462973612652507136	{"20tot40": 0.49600683725886646, "onder20": 0.07209716301749244, "40plus": 0.4318959997236469}
461076415543144448	{"20tot40": 0.33572065338362334, "onder20": 0.31500331157633155, "40plus": 0.3492760350400429}
453819338244374528	{"20tot40": 0.7089841104539735, "onder20": 0.05947945912588952, "40plus": 0.23153643042013713}
453578339123757056	{"20tot40": 0.12414652504940603, "onder20": 8.069753832187704e-07, "40plus": 0.8758526679752126}
437983829660143619	{"20tot40": 0.47628175564012976, "onder20": 9.532573308478766e-06, "40plus": 0.523708711786548}
431727882218377219	{"20tot40": 0.48159626648226517, "onder20": 0.011567149681730103, "40plus": 0.5068365838360024}
431173514070999040	{"20tot40": 0.44005906967422276, "onder20": 0.24149336187709422, "40plus": 0.31844756844868194}
431142270243319808	{"20tot40": 0.3462960982919358, "onder20": 0.500595148579981, "40plus": 0.15310875312808386}
430799400646885376	{"20tot40": 0.34978019782190894, "onder20": 0.47670507482318986, "40plus": 0.17351472735490228}
430798975776468992	{"20tot40": 0.2953637800877043, "onder20": 0.05398259343583379, "40plus": 0.6506536264764619}
430720166897278977	{"20tot40": 0.4275569663196048, "onder20": 0.3257249590030324, "40plus": 0.2467180746773616}
430039574199283712	{"20tot40": 0.18690073047735573, "onder20": 0.5650132499734273, "40plus": 0.2480860195492219}
426116003869634560	{"20tot40": 0.47625453983609617, "onder20": 0.36313301248683993, "40plus": 0.16061244767706298}
425279289542443009	{"20tot40": 0.007656071051809257, "onder20": 3.2681009149465587e-09, "40plus": 0.9923439256800908}
419224795599732736	{"20tot40": 0.32709818758978154, "onder20": 0.3323158986976882, "40plus": 0.3405859137125312}
416906058657832960	{"20tot40": 0.6709655339931576, "onder20": 0.0011480450459366363, "40plus": 0.3278864209609127}
416198183010983937	{"20tot40": 0.09913097575871369, "onder20": 0.691086208194768, "40plus": 0.2097828160465204}
413923824657506304	{"20tot40": 0.3733615714481807, "onder20": 0.16776768974630457, "40plus": 0.45887073880551776}
413783634617724934	{"20tot40": 0.09218157686073515, "onder20": 2.7342417526966794e-05, "40plus": 0.9077910807217323}
413002172453105664	{"20tot40": 0.5411642776869585, "onder20": 0.32189490632097467, "40plus": 0.13694081599205996}
412282699684925440	{"20tot40": 0.12792688740545727, "onder20": 0.8671834670697619, "40plus": 0.004889645524774324}
411812404503126016	{"20tot40": 0.48213842451165695, "onder20": 0.3428560692697719, "40plus": 0.17500550621857014}
410552109428269056	{"20tot40": 0.3191701152867058, "onder20": 0.4978588236767811, "40plus": 0.18297106103651364}
410442768725852160	{"20tot40": 0.51522290869057, "onder20": 0.04046656119337604, "40plus": 0.4443105301160517}
410409328106299392	{"20tot40": 0.49095212498962193, "onder20": 0.3892780139991679, "40plus": 0.11976986101121093}
410365637291032578	{"20tot40": 0.013538932024709113, "onder20": 0.9863624811271329, "40plus": 9.858684816177345e-05}
410365343761043456	{"20tot40": 0.45280006456955113, "onder20": 0.010735001939879592, "40plus": 0.5364649334905688}
408998294480625666	{"20tot40": 0.3575426281070563, "onder20": 0.5719353836199161, "40plus": 0.07052198827303377}
408605329878827008	{"20tot40": 0.4801127981054927, "onder20": 0.005725523600169218, "40plus": 0.5141616782943396}
408347680331415555	{"20tot40": 0.1422713028921567, "onder20": 0.8561634218568, "40plus": 0.0015652752510290897}
407546407030378496	{"20tot40": 0.3775186528664415, "onder20": 0.30909352599049245, "40plus": 0.3133878211430652}
405318466820775936	{"20tot40": 0.12361332200960812, "onder20": 0.8612958206944956, "40plus": 0.015090857295900699}
405143983245889536	{"20tot40": 0.47572768030280227, "onder20": 0.21058927857480592, "40plus": 0.313683041122391}
405112168938364928	{"20tot40": 0.6278087311434571, "onder20": 0.26851558461521197, "40plus": 0.10367568424133145}
404873604182970369	{"20tot40": 0.5225169845181079, "onder20": 0.21422613013252495, "40plus": 0.2632568853493681}
404871821624762368	{"20tot40": 0.899224565533026, "onder20": 0.03380311683031889, "40plus": 0.06697231763665118}
400383146589294592	{"20tot40": 0.26326877894845196, "onder20": 0.05056547097873835, "40plus": 0.6861657500728134}
399795194356187137	{"20tot40": 0.8021689842144021, "onder20": 0.045683165715007246, "40plus": 0.15214785007058532}
398206484233723904	{"20tot40": 0.2751700830985151, "onder20": 0.028683648817122806, "40plus": 0.6961462680843623}
395681206336888832	{"20tot40": 0.3924613950209791, "onder20": 0.32473790602607433, "40plus": 0.28280069895294613}
389123023548063744	{"20tot40": 0.053805659532468755, "onder20": 1.034272573086959e-06, "40plus": 0.9461933061949462}
388577210568683520	{"20tot40": 0.35382720764071734, "onder20": 1.5749089119480566e-06, "40plus": 0.6461712174503694}
387352842711093248	{"20tot40": 0.6264517047669542, "onder20": 0.0943042599816473, "40plus": 0.2792440352513857}
386937294650740736	{"20tot40": 0.3224045306362347, "onder20": 0.010677394512095624, "40plus": 0.6669180748516733}
386507272110604288	{"20tot40": 0.6926273321000872, "onder20": 0.00029439955088319115, "40plus": 0.3070782683490384}
386507246579888129	{"20tot40": 0.13564646121546498, "onder20": 0.8642141066990467, "40plus": 0.00013943208548140577}
386475201263075328	{"20tot40": 0.4060697948459233, "onder20": 0.25622190622520524, "40plus": 0.33770829892887266}
385743607199588352	{"20tot40": 0.24562898484050136, "onder20": 0.00011400303220590884, "40plus": 0.7542570121272895}
385484488119025664	{"20tot40": 0.5972263251388421, "onder20": 0.0004991465422236558, "40plus": 0.40227452831893173}
385460249119182848	{"20tot40": 0.31293292689741603, "onder20": 0.5374932809259497, "40plus": 0.1495737921766342}
379320263181344768	{"20tot40": 0.3442452442278481, "onder20": 0.6553773859423405, "40plus": 0.0003773698298174817}
377041886164176896	{"20tot40": 0.03180070663532113, "onder20": 0.9432491230188567, "40plus": 0.024950170345819096}
370988150614548480	{"20tot40": 0.36034584705221573, "onder20": 0.024422674450528932, "40plus": 0.6152314784972552}
369517180473192450	{"20tot40": 0.23186543689628172, "onder20": 0.00018964942935543262, "40plus": 0.7679449136743721}
368275703617167360	{"20tot40": 0.4557956239046251, "onder20": 0.004881338071163035, "40plus": 0.5393230380241981}
365532150117842946	{"20tot40": 0.17115243269520738, "onder20": 0.6764123621614655, "40plus": 0.1524352051433262}
364772271237242880	{"20tot40": 0.5851620102573898, "onder20": 0.06122654073319494, "40plus": 0.35361144900941344}
364142247454842881	{"20tot40": 0.25603161019979004, "onder20": 0.593039896540297, "40plus": 0.15092849325991106}
353483878998085633	{"20tot40": 0.4512083019237157, "onder20": 0.0029550907849654473, "40plus": 0.5458366072913297}
353250269561229312	{"20tot40": 0.015117303084627687, "onder20": 0.951217373759947, "40plus": 0.0336653231554254}
346886839845654528	{"20tot40": 0.23026422698170243, "onder20": 0.6435612155980057, "40plus": 0.12617455742029185}
346738157452161024	{"20tot40": 0.6401037384207647, "onder20": 0.20339249035849274, "40plus": 0.15650377122074144}
344340130498232321	{"20tot40": 0.18889929842836106, "onder20": 0.001954843329322983, "40plus": 0.8091458582423156}
341676458755911682	{"20tot40": 0.4066978856810211, "onder20": 0.3047591209948552, "40plus": 0.2885429933241211}
339438126869139458	{"20tot40": 0.5020877211118553, "onder20": 0.08036656060403645, "40plus": 0.41754571828410364}
339384624587362304	{"20tot40": 0.721739851651047, "onder20": 0.0006555451670611324, "40plus": 0.2776046031818997}
339315361189089280	{"20tot40": 0.48140806091454524, "onder20": 0.062009076300311224, "40plus": 0.4565828627851409}
337466063925170176	{"20tot40": 0.22891644007700304, "onder20": 0.001053027172715028, "40plus": 0.7700305327502829}
334548813303930880	{"20tot40": 0.44390239911214047, "onder20": 0.0005022183774685881, "40plus": 0.5555953825103894}
334222861927591936	{"20tot40": 0.5259330867460769, "onder20": 0.0017685732000723379, "40plus": 0.4722983400538504}
333893274320388096	{"20tot40": 0.6287768334972359, "onder20": 0.009471181031994876, "40plus": 0.3617519854707684}
333891640706088961	{"20tot40": 0.5538606887360922, "onder20": 0.3753041005519995, "40plus": 0.07083521071190962}
332964504696651777	{"20tot40": 0.3278028979997413, "onder20": 0.518196849948813, "40plus": 0.15400025205144563}
327005202072891392	{"20tot40": 0.4386165588968107, "onder20": 0.17057687081998985, "40plus": 0.39080657028320276}
326645465766584320	{"20tot40": 0.4135129018634802, "onder20": 0.013207777731390622, "40plus": 0.5732793204051355}
323694980944236546	{"20tot40": 0.33310545400142666, "onder20": 0.4540414544384205, "40plus": 0.21285309156015214}
319458448666394625	{"20tot40": 0.5116940473587884, "onder20": 0.2547288448968125, "40plus": 0.23357710774440057}
316597603921977346	{"20tot40": 0.31071907336780663, "onder20": 0.6182130599912563, "40plus": 0.07106786664094503}
315571908622041088	{"20tot40": 0.06869844270087273, "onder20": 5.0811862574733296e-08, "40plus": 0.931301506487267}
313566664455229440	{"20tot40": 0.4463336986791531, "onder20": 0.4530597639969668, "40plus": 0.10060653732388027}
309006934961438721	{"20tot40": 0.2828735312411826, "onder20": 0.4700125131342362, "40plus": 0.24711395562458183}
308615581807046656	{"20tot40": 0.9136688890729183, "onder20": 0.005756692666014306, "40plus": 0.08057441826107456}
306495795027402753	{"20tot40": 0.3887610591518776, "onder20": 0.0008342628025711634, "40plus": 0.6104046780455522}
303980040301993985	{"20tot40": 0.13759592658170414, "onder20": 0.00046248270583769245, "40plus": 0.861941590712465}
289115055713292288	{"20tot40": 0.3630516285048587, "onder20": 0.31061649136328406, "40plus": 0.32633188013185727}
285750351565553664	{"20tot40": 0.5491372091793174, "onder20": 0.16780851368043787, "40plus": 0.283054277140245}
283218336572116993	{"20tot40": 0.42327248599426126, "onder20": 0.10530553638837765, "40plus": 0.47142197761736443}
282438789702500353	{"20tot40": 0.1763898598720925, "onder20": 0.00020299271420809846, "40plus": 0.8234071474136976}
282114328512065536	{"20tot40": 0.454759695803413, "onder20": 0.31060168475752864, "40plus": 0.23463861943905828}
280770723260280832	{"20tot40": 0.19062155149720644, "onder20": 0.6559535442496058, "40plus": 0.15342490425319014}
280062880504766464	{"20tot40": 0.12228660160230877, "onder20": 0.8679313182853233, "40plus": 0.009782080112367163}
276409644195397632	{"20tot40": 0.7084284120719787, "onder20": 0.046582661506116604, "40plus": 0.24498892642190082}
276059077354860544	{"20tot40": 0.17549153938395146, "onder20": 0.6362650074903361, "40plus": 0.1882434531257115}
275335274530230272	{"20tot40": 0.27693294780132877, "onder20": 0.001571892569566867, "40plus": 0.7214951596290964}
274886209283698688	{"20tot40": 0.40223094556813294, "onder20": 0.24783227374678335, "40plus": 0.34993678068508294}
267291387282747392	{"20tot40": 0.6087786002249537, "onder20": 0.015082853675475343, "40plus": 0.37613854609956954}
266432726733836288	{"20tot40": 0.3735141631048033, "onder20": 0.49009821352138394, "40plus": 0.1363876233738144}
264014544618258432	{"20tot40": 0.617967345868424, "onder20": 0.14098797382782718, "40plus": 0.2410446803037467}
262628181381632000	{"20tot40": 0.39086101933286893, "onder20": 0.0031373405999169397, "40plus": 0.6060016400672168}
258205096817590273	{"20tot40": 0.42974730028467456, "onder20": 0.00520258272146068, "40plus": 0.5650501169938587}
251421559124811777	{"20tot40": 0.7710595575467181, "onder20": 0.024802394066332625, "40plus": 0.20413804838694644}
251354467251933186	{"20tot40": 0.17167864049342624, "onder20": 0.7233953676834506, "40plus": 0.104925991823123}
250641065621741569	{"20tot40": 0.14823386093905308, "onder20": 0.5053700987606266, "40plus": 0.3463960403003208}
249898404421980161	{"20tot40": 0.5389316646091697, "onder20": 0.0035303764275219506, "40plus": 0.4575379589633062}
249565020038520833	{"20tot40": 0.20341929786234392, "onder20": 0.6201855721147082, "40plus": 0.17639513002294951}
247242290278584320	{"20tot40": 0.0191436828374004, "onder20": 2.7383713791544673e-08, "40plus": 0.9808562897788867}
245637580073361408	{"20tot40": 0.35207815895458183, "onder20": 0.10571241383450948, "40plus": 0.5422094272109133}
244875217908924416	{"20tot40": 0.5632947671761507, "onder20": 0.08581514081023638, "40plus": 0.35089009201360744}
244718405268144128	{"20tot40": 0.7095317189663078, "onder20": 4.789762191548962e-06, "40plus": 0.2904634912714913}
243452231809134593	{"20tot40": 0.5605707041252932, "onder20": 0.08183507521772926, "40plus": 0.35759422065698176}
241454678540447744	{"20tot40": 0.7010783369809038, "onder20": 0.014915886410767902, "40plus": 0.28400577660833176}
241252431718125568	{"20tot40": 0.5671476878615838, "onder20": 0.1218422229357132, "40plus": 0.3110100892027061}
237256114499108864	{"20tot40": 0.42400866197193404, "onder20": 5.544394280173056e-05, "40plus": 0.5759358940852382}
236549307971559424	{"20tot40": 0.313917724530634, "onder20": 0.13464099589378728, "40plus": 0.5514412795755809}
236202724549599234	{"20tot40": 0.6449978205194161, "onder20": 0.029009941401096695, "40plus": 0.32599223807948025}
233803556350726144	{"20tot40": 0.36758960131829405, "onder20": 0.02677545417338971, "40plus": 0.6056349445083192}
231001790152310784	{"20tot40": 0.5400038462730011, "onder20": 0.0007511287884111138, "40plus": 0.45924502493859054}
228966058529267712	{"20tot40": 0.49781211819377313, "onder20": 0.007276184093854358, "40plus": 0.4949116977123657}
227766802032230400	{"20tot40": 0.15429169546721588, "onder20": 0.6789606898334644, "40plus": 0.16674761469931937}
222954821622304769	{"20tot40": 0.005349783237532467, "onder20": 0.99460555459997, "40plus": 4.466216250387754e-05}
213737589360951296	{"20tot40": 0.6209094342578582, "onder20": 0.03403785146230267, "40plus": 0.34505271427984263}
212967978147385345	{"20tot40": 0.1533121588794549, "onder20": 0.7317458825681376, "40plus": 0.11494195855240712}
208288500989165570	{"20tot40": 0.9330553046699899, "onder20": 0.027995407391914095, "40plus": 0.038949287938093796}
208217558099312641	{"20tot40": 0.6314000515019919, "onder20": 0.061320702274096854, "40plus": 0.30727924622391817}
205675554517688321	{"20tot40": 0.3529740688324342, "onder20": 0.03480983545773999, "40plus": 0.612216095709822}
204853341686218752	{"20tot40": 0.36512085977960146, "onder20": 0.1505181007497588, "40plus": 0.4843610394706421}
204178622058213377	{"20tot40": 0.5516268139739348, "onder20": 0.11769099820661327, "40plus": 0.33068218781944986}
200661162453512193	{"20tot40": 0.2954367293245203, "onder20": 0.34571360334061196, "40plus": 0.3588496673348661}
200621296344768517	{"20tot40": 0.24260158049489164, "onder20": 0.007188665498241674, "40plus": 0.7502097540068637}
200220043865370624	{"20tot40": 0.42584163997527125, "onder20": 0.012853277553352496, "40plus": 0.561305082471376}
199429451929485312	{"20tot40": 0.14605395690132755, "onder20": 0.0003342859956901367, "40plus": 0.8536117571029792}
191264169704689664	{"20tot40": 0.28883931366879717, "onder20": 0.05297101277322869, "40plus": 0.6581896735579699}
187582236764291074	{"20tot40": 0.3800259976809528, "onder20": 0.10228013120963006, "40plus": 0.5176938711094164}
187299844858191873	{"20tot40": 0.3401900993262186, "onder20": 0.5860261146531505, "40plus": 0.07378378602063329}
187272738505891840	{"20tot40": 0.11392212177754121, "onder20": 0.8657457131483726, "40plus": 0.020332165074088814}
185424556553543680	{"20tot40": 0.5386539381521214, "onder20": 0.024738921983121515, "40plus": 0.4366071398647587}
183923309312880641	{"20tot40": 0.659973219928988, "onder20": 0.0033181975637019863, "40plus": 0.33670858250730784}
183851701403521024	{"20tot40": 0.4875313085853342, "onder20": 0.016230511373374137, "40plus": 0.49623818004129544}
183838740651847680	{"20tot40": 0.08720291586760749, "onder20": 0.8582697634729879, "40plus": 0.05452732065940749}
181803190755405825	{"20tot40": 0.5997363657933857, "onder20": 0.19397891740594042, "40plus": 0.20628471680067023}
181802950874767361	{"20tot40": 0.57661185231479, "onder20": 7.921492132227608e-06, "40plus": 0.42338022619306476}
175900724130099200	{"20tot40": 0.327662890274687, "onder20": 0.27931282390051754, "40plus": 0.3930242858247962}
165898294181109760	{"20tot40": 0.42756849825708515, "onder20": 0.0014190316092248085, "40plus": 0.5710124701336968}
160106228729647104	{"20tot40": 0.2981300292752226, "onder20": 0.39749253419464065, "40plus": 0.30437743653013566}
155205085507502080	{"20tot40": 0.4107430873181084, "onder20": 0.0017441570583193794, "40plus": 0.5875127556235765}
155074448544903168	{"20tot40": 0.689244645605557, "onder20": 0.16806437944886418, "40plus": 0.14269097494558206}
154710404931661824	{"20tot40": 0.52521210462718, "onder20": 0.09252697555147896, "40plus": 0.38226091982133953}
154338135583633408	{"20tot40": 0.2646620071184564, "onder20": 0.21970105678230534, "40plus": 0.5156369360992383}
154290978155528192	{"20tot40": 0.4485834475916219, "onder20": 0.15565074054223174, "40plus": 0.3957658118661479}
153957398476881920	{"20tot40": 0.5562571363937905, "onder20": 0.0857018777074776, "40plus": 0.3580409858987331}
153949262647017474	{"20tot40": 0.19278997457900246, "onder20": 2.2057684812881407e-06, "40plus": 0.8072078196525031}
153947991504461824	{"20tot40": 0.5457404933515299, "onder20": 0.2938227549521775, "40plus": 0.1604367516962872}
153936340042526721	{"20tot40": 0.696503583153939, "onder20": 0.011148572013339377, "40plus": 0.29234784483272785}
153934028012138497	{"20tot40": 0.2589209588472401, "onder20": 0.42568788673632896, "40plus": 0.31539115441643123}
153927005488955393	{"20tot40": 0.2672962403707046, "onder20": 0.4562437497180792, "40plus": 0.27646000991121544}
152121541998559232	{"20tot40": 0.3613502707603867, "onder20": 0.07137086229752002, "40plus": 0.5672788669420948}
151708830949052417	{"20tot40": 0.1821643040583571, "onder20": 0.6976068890276602, "40plus": 0.12022880691398305}
151595309817016320	{"20tot40": 0.38684546325817093, "onder20": 0.1409476320341158, "40plus": 0.4722069047077107}
151236809316249600	{"20tot40": 0.3859948171451421, "onder20": 0.3340388877031054, "40plus": 0.2799662951517514}
151236276085985280	{"20tot40": 0.2243617877274802, "onder20": 0.6401429926424741, "40plus": 0.13549521963004665}
151025803612798976	{"20tot40": 0.44889828515829877, "onder20": 0.17932593225948806, "40plus": 0.3717757825822134}
117694569419784193	{"20tot40": 0.041026933273507836, "onder20": 0.9589660839474753, "40plus": 6.982779015986263e-06}
115007034335825920	{"20tot40": 0.34291934249446787, "onder20": 0.02431887912238556, "40plus": 0.6327617783831396}
114696325584531456	{"20tot40": 0.654044122556184, "onder20": 0.3429489021766431, "40plus": 0.0030069752671725344}
113667457838874624	{"20tot40": 0.3536637406748715, "onder20": 0.28927613364439486, "40plus": 0.3570601256807355}
113503368290373632	{"20tot40": 0.47269152230034295, "onder20": 0.37071234285876226, "40plus": 0.15659613484089024}
111687616029659136	{"20tot40": 0.04514614115000911, "onder20": 0.9095708625197065, "40plus": 0.04528299633028349}
93792621071319040	{"20tot40": 0.4622172216130567, "onder20": 0.080727909430834, "40plus": 0.45705486895611513}
86096128831012864	{"20tot40": 0.14827264055967296, "onder20": 0.0004299055468784933, "40plus": 0.8512974538934436}
76064269803851776	{"20tot40": 0.40490746645174064, "onder20": 0.005947884833780843, "40plus": 0.5891446487144812}
75442445382459392	{"20tot40": 0.35506695354060813, "onder20": 0.0009906821614075131, "40plus": 0.6439423642979897}
75203501319397376	{"20tot40": 0.30233945089738223, "onder20": 0.23795607591953818, "40plus": 0.45970447318307767}
70081467723694080	{"20tot40": 0.777862134462101, "onder20": 0.025901611800225814, "40plus": 0.1962362537376788}
64044335104135168	{"20tot40": 0.36911528980355124, "onder20": 0.000310310353855088, "40plus": 0.6305743998425989}
34229606487695361	{"20tot40": 0.5567076514540559, "onder20": 0.08063370300672021, "40plus": 0.3626586455392179}
33420250812776448	{"20tot40": 0.46384505265382125, "onder20": 0.00679490243866664, "40plus": 0.5293600449075103}
32565404891090944	{"20tot40": 0.2983749296996112, "onder20": 0.09900403198691671, "40plus": 0.6026210383134749}
32082663976214528	{"20tot40": 0.6075931464399098, "onder20": 0.39147385664505585, "40plus": 0.0009329969150299922}
25482102893	{"20tot40": 0.25807791507367134, "onder20": 0.704940988898079, "40plus": 0.03698109602824881}
6272992965	{"20tot40": 0.4265527263988255, "onder20": 0.45064747543860223, "40plus": 0.12279979816257057}
