754916979983650821	{"40plus": 0.17124860466353242, "onder20": 0.3562245199399396, "20tot40": 0.47252687539652716}
752951839063150592	{"40plus": 0.5276014830013807, "onder20": 0.029958361439026006, "20tot40": 0.4424401555595967}
752155456127299584	{"40plus": 0.12617455742029185, "onder20": 0.6435612155980057, "20tot40": 0.23026422698170243}
746376989330792448	{"40plus": 0.46688171257355626, "onder20": 0.11000042659735806, "20tot40": 0.42311786082908565}
743419257531338752	{"40plus": 0.12617455742029185, "onder20": 0.6435612155980057, "20tot40": 0.23026422698170243}
724660067518296064	{"40plus": 0.6035621252050475, "onder20": 0.0016174086279698782, "20tot40": 0.39482046616698957}
720309845228974081	{"40plus": 0.11963246530508208, "onder20": 0.6135185850375281, "20tot40": 0.26684894965738976}
714732299699486721	{"40plus": 0.21320708359527166, "onder20": 0.2271440537066521, "20tot40": 0.5596488626980735}
712544227666882565	{"40plus": 0.1495737921766342, "onder20": 0.5374932809259497, "20tot40": 0.31293292689741603}
711560642059182080	{"40plus": 0.019615746906874166, "onder20": 0.8593507396839245, "20tot40": 0.12103351340920128}
705778968222425088	{"40plus": 0.643070973994669, "onder20": 0.0017106661761521775, "20tot40": 0.35521835982918143}
705693555768074240	{"40plus": 0.14259472125508368, "onder20": 0.6480158205408719, "20tot40": 0.20938945820404456}
702225191426990084	{"40plus": 0.6870894088780042, "onder20": 0.0011091960183609551, "20tot40": 0.31180139510363414}
699596456248926209	{"40plus": 0.049357953679490224, "onder20": 0.7579568839905616, "20tot40": 0.1926851623299451}
699299835594276864	{"40plus": 0.4092818548862445, "onder20": 0.005146042261923608, "20tot40": 0.5855721028518254}
698083870177153024	{"40plus": 0.11246518274206786, "onder20": 0.06913610718037091, "20tot40": 0.8183987100775639}
698076770315214848	{"40plus": 0.11473997501214363, "onder20": 0.6052854193472407, "20tot40": 0.2799746056406142}
696693214141612032	{"40plus": 0.5125650124938274, "onder20": 0.052193531415092434, "20tot40": 0.4352414560910807}
696691250674733056	{"40plus": 0.104925991823123, "onder20": 0.7233953676834506, "20tot40": 0.17167864049342624}
696679904054812673	{"40plus": 0.3161388525863856, "onder20": 0.21553802000871639, "20tot40": 0.46832312740489673}
693890858534445057	{"40plus": 0.015506264126224708, "onder20": 0.8970085898584726, "20tot40": 0.08748514601530255}
693401827556118528	{"40plus": 0.02439712206853769, "onder20": 0.803238101688053, "20tot40": 0.17236477624341484}
693368306070392832	{"40plus": 0.013499636450731479, "onder20": 0.23925429706338852, "20tot40": 0.7472460664858812}
688787096627204096	{"40plus": 0.05100321345846579, "onder20": 0.593610956406707, "20tot40": 0.35538583013482805}
688753978339946496	{"40plus": 0.04394063667668262, "onder20": 0.7714247245763132, "20tot40": 0.18463463874700564}
687926999470465024	{"40plus": 0.06210599725363245, "onder20": 0.5388408654757324, "20tot40": 0.39905313727063585}
684830514327453696	{"40plus": 0.030181471360620223, "onder20": 0.8305915055887717, "20tot40": 0.1392270230506079}
677861088654831616	{"40plus": 0.059711532331517034, "onder20": 0.6807638914249248, "20tot40": 0.25952457624355757}
677843807824683008	{"40plus": 0.11582008575221747, "onder20": 0.34153545975785266, "20tot40": 0.5426444544899297}
675239080804880384	{"40plus": 0.49491220927035295, "onder20": 0.034816768659039724, "20tot40": 0.4702710220706021}
673612187034902528	{"40plus": 0.11041622471662935, "onder20": 0.6789108480170943, "20tot40": 0.21067292726627315}
673451843469631488	{"40plus": 0.19306022633216482, "onder20": 0.3021077446073077, "20tot40": 0.504832029060528}
672702939870425088	{"40plus": 0.5335283997860787, "onder20": 0.04877096435768354, "20tot40": 0.4177006358562368}
672126469963935744	{"40plus": 0.4046870366067079, "onder20": 0.02948346692313177, "20tot40": 0.565829496470156}
670653568966369281	{"40plus": 0.09132993572124383, "onder20": 0.8114714906115102, "20tot40": 0.09719857366724526}
670553228283654144	{"40plus": 0.37763973990014327, "onder20": 0.08123193199776024, "20tot40": 0.5411283281020918}
669795344260165633	{"40plus": 0.6223858851349066, "onder20": 0.016828503042685655, "20tot40": 0.3607856118224109}
668691461274263552	{"40plus": 0.8284998946708317, "onder20": 3.583240245365915e-05, "20tot40": 0.1714642729267173}
