691992190462136320	{"40plus": 0.10246074881378875, "onder20": 0.009415494967919193, "20tot40": 0.8881237562182939}
688017359685206016	{"40plus": 0.12617455742029185, "onder20": 0.6435612155980057, "20tot40": 0.23026422698170243}
686541542090211328	{"40plus": 0.5287937131570469, "onder20": 0.06617405115126247, "20tot40": 0.4050322356916837}
684019711366066176	{"40plus": 0.2099669161848954, "onder20": 0.0001968925068859699, "20tot40": 0.7898361913082212}
677944680059940864	{"40plus": 0.10496575181651102, "onder20": 0.32167573718037057, "20tot40": 0.57335851100312}
677818856862302212	{"40plus": 0.13323381675667134, "onder20": 0.2876796307472334, "20tot40": 0.5790865524960948}
675235368694915072	{"40plus": 0.5613636859305777, "onder20": 0.07254737655711462, "20tot40": 0.36608893751230787}
670672110315053057	{"40plus": 0.009583805531806421, "onder20": 0.9348451250175451, "20tot40": 0.05557106945064846}
664424243774492672	{"40plus": 0.25077449876863545, "onder20": 0.18750956914841377, "20tot40": 0.5617159320829508}
656017118173904896	{"40plus": 0.16153346907486027, "onder20": 0.24711500360468977, "20tot40": 0.5913515273204504}
656005820061208576	{"40plus": 0.0004111956322791123, "onder20": 0.15401862365355598, "20tot40": 0.8455701807141688}
649160110443491328	{"40plus": 0.6896161591344623, "onder20": 0.03163698724521223, "20tot40": 0.2787468536203289}
647527512071925760	{"40plus": 0.5978988741210743, "onder20": 0.005626007413471071, "20tot40": 0.39647511846544964}
647465738085769216	{"40plus": 0.2552531355672102, "onder20": 0.06326832949977666, "20tot40": 0.6814785349330097}
645876657300066304	{"40plus": 0.4391343179754241, "onder20": 0.0057607265404572144, "20tot40": 0.5551049554841208}
642011382607683584	{"40plus": 0.3748608853980185, "onder20": 0.09361759260697566, "20tot40": 0.5315215219950041}
641617189498429440	{"40plus": 0.32709569171323305, "onder20": 0.23446982942023775, "20tot40": 0.4384344788665319}
640614483224829952	{"40plus": 0.0801863074429218, "onder20": 0.3247435261003647, "20tot40": 0.5950701664567123}
633927146105389056	{"40plus": 0.00014020812944766104, "onder20": 0.8099816469571486, "20tot40": 0.18987814491339836}
622035676582805504	{"40plus": 0.3966037283409985, "onder20": 0.04712088604811925, "20tot40": 0.5562753856108883}
615969104743301120	{"40plus": 2.4336769430979284e-06, "onder20": 0.9148398398374429, "20tot40": 0.08515772648561912}
615503609220984832	{"40plus": 0.5336711520022243, "onder20": 0.0016267121565784932, "20tot40": 0.4647021358411927}
615496529298726912	{"40plus": 0.22486127916195442, "onder20": 3.877755894047927e-06, "20tot40": 0.7751348430821443}
615491079358545920	{"40plus": 0.03896759791315462, "onder20": 0.19575719724993557, "20tot40": 0.7652752048369128}
615486480694276098	{"40plus": 0.17338014173013616, "onder20": 0.16347776362576152, "20tot40": 0.6631420946441009}
615483876828422145	{"40plus": 0.2459880100059826, "onder20": 0.04002371709554425, "20tot40": 0.7139882728984734}
615483192800346112	{"40plus": 0.590362492108363, "onder20": 0.0017467930190817199, "20tot40": 0.40789071487256184}
608567221036662785	{"40plus": 0.034523834631024264, "onder20": 0.7852788317080702, "20tot40": 0.18019733366090285}
606940290142883841	{"40plus": 0.025531933448434817, "onder20": 0.0022094003240930578, "20tot40": 0.9722586662274653}
595977853210140672	{"40plus": 0.7274870966881043, "onder20": 0.006267934445458005, "20tot40": 0.26624496886643706}
592622003506524160	{"40plus": 0.10910588978798792, "onder20": 0.3088924915797479, "20tot40": 0.5820016186322672}
588256353996689408	{"40plus": 0.391158699619729, "onder20": 0.10053711830215847, "20tot40": 0.5083041820781129}
586067172306382849	{"40plus": 0.3297455235897548, "onder20": 0.0002939508770375146, "20tot40": 0.6699605255332008}
585828077378338816	{"40plus": 0.6408955697836748, "onder20": 0.005775717070067395, "20tot40": 0.3533287131462605}
583643907474489344	{"40plus": 0.4893468831427242, "onder20": 0.0035541686759793735, "20tot40": 0.5070989481812956}
583642064644087808	{"40plus": 0.33166519960014584, "onder20": 0.006131955294175548, "20tot40": 0.662202845105681}
580756589939986432	{"40plus": 0.07841394357736073, "onder20": 0.1554090112510678, "20tot40": 0.7661770451715683}
536907600432885764	{"40plus": 0.3130445862934997, "onder20": 0.10268860778993709, "20tot40": 0.5842668059165635}
535454202710220800	{"40plus": 0.7516873000359638, "onder20": 0.0006455899546219058, "20tot40": 0.24766711000941247}
525174865385365505	{"40plus": 0.06386599838493102, "onder20": 0.16882314345178465, "20tot40": 0.7673108581632873}
504545458316775424	{"40plus": 0.5761119833790116, "onder20": 0.04511232687976907, "20tot40": 0.378775689741222}
496776099167084544	{"40plus": 0.19187263322456868, "onder20": 0.007114117142955938, "20tot40": 0.8010132496324793}
456774524499816450	{"40plus": 0.13146508361481507, "onder20": 0.6086062044277512, "20tot40": 0.2599287119574339}
456772286289158144	{"40plus": 0.13146508361481507, "onder20": 0.6086062044277512, "20tot40": 0.2599287119574339}
452087518796988416	{"40plus": 0.16680144046993048, "onder20": 0.014806730056294069, "20tot40": 0.8183918294737701}
387860350323789824	{"40plus": 0.29690625859642605, "onder20": 0.22339539417826326, "20tot40": 0.4796983472253157}
383356645205504000	{"40plus": 0.25723725577853185, "onder20": 0.07460308914671099, "20tot40": 0.6681596550747596}
383223724998004736	{"40plus": 0.08837986523936682, "onder20": 0.043747258023491054, "20tot40": 0.8678728767371446}
383128915013025792	{"40plus": 0.7910088070507427, "onder20": 0.0014841741885277596, "20tot40": 0.20750701876073263}
