645876657300066304	{"20tot40": 0.5086337812923282, "onder20": 0.0032531202113047315, "40plus": 0.4881130984963668}
642011382607683584	{"20tot40": 0.5393143636869174, "onder20": 0.08116067147912837, "40plus": 0.379524964833956}
641912633109647360	{"20tot40": 0.44607316298691024, "onder20": 0.4331004700741711, "40plus": 0.12082636693891996}
641617189498429440	{"20tot40": 0.45641765360144393, "onder20": 0.20673100974140673, "40plus": 0.3368513366571464}
640614483224829952	{"20tot40": 0.6090815860387353, "onder20": 0.31305979130012535, "40plus": 0.07785862266114095}
633927146105389056	{"20tot40": 0.02335051810791262, "onder20": 0.976617593917466, "40plus": 3.1887974614837844e-05}
633926946473291776	{"20tot40": 0.24618056271419217, "onder20": 0.7467990126833075, "40plus": 0.00702042460251227}
622035676582805504	{"20tot40": 0.5853112996724333, "onder20": 0.03534766385295564, "40plus": 0.37934103647460754}
622032707279847428	{"20tot40": 0.3924772243542816, "onder20": 0.5970181912628059, "40plus": 0.010504584382902223}
619106172776394752	{"20tot40": 0.27489171442190136, "onder20": 0.6585797539081484, "40plus": 0.06652853166996336}
619106126798397440	{"20tot40": 0.01774038912162328, "onder20": 1.6083112548140167e-07, "40plus": 0.9822594500472599}
616608913421672449	{"20tot40": 0.01595439854542869, "onder20": 0.9783059186459345, "40plus": 0.005739682808643169}
616608842558930945	{"20tot40": 0.05674093534267435, "onder20": 0.8043008770062283, "40plus": 0.13895818765110424}
616608690762842114	{"20tot40": 0.7189563520752759, "onder20": 0.1817024159693672, "40plus": 0.0993412319553611}
615969104743301120	{"20tot40": 0.06121846406739146, "onder20": 0.9387792668327112, "40plus": 2.2690999082723652e-06}
615503609220984832	{"20tot40": 0.3886006354570466, "onder20": 0.00025502634503148173, "40plus": 0.6111443381979127}
615496529298726912	{"20tot40": 0.7770459848916469, "onder20": 9.97213816812086e-06, "40plus": 0.22294404297019}
615491079358545920	{"20tot40": 0.5825394043229062, "onder20": 0.37372745646370187, "40plus": 0.043733139213386236}
615486480694276098	{"20tot40": 0.6599212354761634, "onder20": 0.21025433826166354, "40plus": 0.12982442626217003}
615483876828422145	{"20tot40": 0.5436773254438956, "onder20": 0.1821671868206901, "40plus": 0.2741554877354209}
615483192800346112	{"20tot40": 0.45254169190817595, "onder20": 0.0009727086404807486, "40plus": 0.5464855994513439}
615482607611027456	{"20tot40": 0.12691026165385577, "onder20": 0.7511395479083479, "40plus": 0.12195019043779719}
610402140306190336	{"20tot40": 0.15947510560258019, "onder20": 0.7863818833998847, "40plus": 0.054143010997528135}
609306405292613635	{"20tot40": 0.29571929756331145, "onder20": 0.6840940206561263, "40plus": 0.020186681780557318}
609052736768851968	{"20tot40": 0.44322629424555776, "onder20": 0.30221542890861947, "40plus": 0.25455827684583543}
608612699677814784	{"20tot40": 1.2576057262598837e-06, "onder20": 0.9999959839325283, "40plus": 2.7584617492025175e-06}
608567221036662785	{"20tot40": 0.221968668384816, "onder20": 0.7425027469127439, "40plus": 0.03552858470243798}
608567114820136960	{"20tot40": 0.38439392541941464, "onder20": 0.6128807277517682, "40plus": 0.0027253468288160154}
606940290142883841	{"20tot40": 0.9101999010111149, "onder20": 0.0016492555457240513, "40plus": 0.08815084344315698}
602926701979389953	{"20tot40": 0.44259376975752907, "onder20": 0.4695594943520452, "40plus": 0.08784673589042565}
600255152679976960	{"20tot40": 0.02736013182812439, "onder20": 0.9340101705307303, "40plus": 0.03862969764114297}
596310236287348736	{"20tot40": 0.4842877136191227, "onder20": 0.2310988540539764, "40plus": 0.2846134323268908}
595983231452893184	{"20tot40": 0.5023930800812636, "onder20": 0.12110074433135966, "40plus": 0.37650617558738264}
595977853210140672	{"20tot40": 0.2703270505503728, "onder20": 0.005333801325696177, "40plus": 0.724339148123928}
594036847086546944	{"20tot40": 0.2773939292901976, "onder20": 0.00010430705882951765, "40plus": 0.7225017636509773}
593684552301809664	{"20tot40": 0.24594594806175735, "onder20": 5.255959937390229e-06, "40plus": 0.7540487959782923}
593523205689593858	{"20tot40": 0.008977859164027713, "onder20": 0.990905524653474, "40plus": 0.00011661618250431435}
593387283857936384	{"20tot40": 0.1273579498524647, "onder20": 0.7807223227315462, "40plus": 0.09191972741599416}
592997317806030848	{"20tot40": 2.856535778923625e-05, "onder20": 0.9999598964141179, "40plus": 1.1538228080576346e-05}
592622003506524160	{"20tot40": 0.6527607465421214, "onder20": 0.22153248680852072, "40plus": 0.12570676664935843}
592403177862995969	{"20tot40": 0.6048086180600181, "onder20": 0.0374300779655445, "40plus": 0.3577613039744248}
588256353996689408	{"20tot40": 0.5083451291266632, "onder20": 0.0831369723109467, "40plus": 0.40851789856239223}
586067172306382849	{"20tot40": 0.7088237668063841, "onder20": 0.0002752262227238254, "40plus": 0.2909010069708887}
585828077378338816	{"20tot40": 0.3679330544842065, "onder20": 0.039049242824937026, "40plus": 0.5930177026908502}
583643907474489344	{"20tot40": 0.5118122843827158, "onder20": 0.0028142611790898963, "40plus": 0.48537345443819935}
583642064644087808	{"20tot40": 0.581013894503164, "onder20": 0.003797215739210225, "40plus": 0.4151888897576264}
580756589939986432	{"20tot40": 0.8191541073353931, "onder20": 0.11187719533199379, "40plus": 0.06896869733260778}
578167031196942337	{"20tot40": 0.3997764307868159, "onder20": 0.5871431607878917, "40plus": 0.01308040842530611}
578167007515963392	{"20tot40": 0.044487216975851, "onder20": 0.9503755876996471, "40plus": 0.00513719532450435}
578166992458424320	{"20tot40": 0.04197252807437422, "onder20": 0.9193895491254945, "40plus": 0.03863792280013744}
537594549766328321	{"20tot40": 0.06683973090176101, "onder20": 0.9243736182018111, "40plus": 0.008786650896415168}
536907600432885764	{"20tot40": 0.29174396301420735, "onder20": 0.2851605536202464, "40plus": 0.42309548336554215}
535454202710220800	{"20tot40": 0.29127491417397733, "onder20": 0.0011360380501918444, "40plus": 0.7075890477758349}
531435050441515008	{"20tot40": 0.20831146354647465, "onder20": 0.6600328485675585, "40plus": 0.13165568788597032}
525174865385365505	{"20tot40": 0.8096936167128043, "onder20": 0.1271525447380262, "40plus": 0.0631538385491633}
517393355475787777	{"20tot40": 0.0024512069432714783, "onder20": 0.9970776816493694, "40plus": 0.00047111140736768567}
517383919134441472	{"20tot40": 0.003756736521509682, "onder20": 0.9954221854461368, "40plus": 0.0008210780323551275}
509969599904104448	{"20tot40": 0.04599838548075112, "onder20": 0.011245032140599803, "40plus": 0.9427565823786631}
506348164874383360	{"20tot40": 0.5044015811978324, "onder20": 0.033169796007729034, "40plus": 0.4624286227944466}
504545458316775424	{"20tot40": 0.4620150120776662, "onder20": 0.045148166257101836, "40plus": 0.49283682166523085}
504179038047711233	{"20tot40": 0.14327275877473222, "onder20": 0.005792920690870257, "40plus": 0.8509343205343962}
503858453798871040	{"20tot40": 0.1794150849325087, "onder20": 0.028998021674579752, "40plus": 0.7915868933929059}
496776099167084544	{"20tot40": 0.8146598012679301, "onder20": 0.006134598345290263, "40plus": 0.17920560038678196}
486126670257344512	{"20tot40": 0.24143794739680174, "onder20": 0.5301289438309951, "40plus": 0.22843310877220047}
459258074310909952	{"20tot40": 0.1867679313983895, "onder20": 0.5034914239756026, "40plus": 0.30974064462599527}
456774524499816450	{"20tot40": 0.28684777300157394, "onder20": 0.5524205210280871, "40plus": 0.16073170597033984}
456772286289158144	{"20tot40": 0.28684777300157394, "onder20": 0.5524205210280871, "40plus": 0.16073170597033984}
456770007943241729	{"20tot40": 0.07155320397699089, "onder20": 0.01503341297047901, "40plus": 0.9134133830525301}
452087518796988416	{"20tot40": 0.8404045508345153, "onder20": 0.008330367995568641, "40plus": 0.1512650811699139}
403457242256912384	{"20tot40": 0.4787256617264165, "onder20": 0.00044546491668043026, "40plus": 0.520828873356901}
387860350323789824	{"20tot40": 0.5102073338296824, "onder20": 0.15132500020106557, "40plus": 0.33846766596925104}
383356645205504000	{"20tot40": 0.6541751325279798, "onder20": 0.04107015254440958, "40plus": 0.30475471492761247}
383223724998004736	{"20tot40": 0.8197327945107875, "onder20": 0.033803479648340226, "40plus": 0.14646372584086598}
383128915013025792	{"20tot40": 0.19583347307043725, "onder20": 0.0015517160980704917, "40plus": 0.802614810831487}
