657446839998914560	{"40plus": 0.1230735700266807, "onder20": 0.0279188343234767, "20tot40": 0.849007595649833}
657446488667246592	{"40plus": 0.25249626558242133, "onder20": 0.0013529776865349548, "20tot40": 0.7461507567310351}
657281983580667904	{"40plus": 0.3251717044284719, "onder20": 0.00017725389210856838, "20tot40": 0.6746510416794318}
657279693599715328	{"40plus": 0.02258851543889735, "onder20": 0.03171137857557012, "20tot40": 0.9457001059855279}
657279166396694528	{"40plus": 0.5354724046809053, "onder20": 2.044764708915148e-06, "20tot40": 0.4645255505543973}
657276832417452032	{"40plus": 0.34751219726347105, "onder20": 0.0004699079542975403, "20tot40": 0.6520178947822264}
656011879333105664	{"40plus": 0.46247043377380503, "onder20": 0.009791683740706835, "20tot40": 0.5277378824854757}
654983216684777472	{"40plus": 0.0032308378497678137, "onder20": 0.6524165681757316, "20tot40": 0.34435259397450146}
654980607353737216	{"40plus": 0.0008483581170904737, "onder20": 0.7666169666055865, "20tot40": 0.23253467527731594}
652460598475780096	{"40plus": 0.013877073700051638, "onder20": 0.9213602534894074, "20tot40": 0.06476267281054461}
651777803432665088	{"40plus": 0.00473107913185422, "onder20": 0.8912169021156705, "20tot40": 0.10405201875248685}
651402304944537600	{"40plus": 0.019438191525301796, "onder20": 0.8334807318420652, "20tot40": 0.14708107663263392}
651286352386990080	{"40plus": 0.7101359234424112, "onder20": 0.001986596758102685, "20tot40": 0.2878774797994881}
651100619219038208	{"40plus": 0.5361156575331868, "onder20": 0.1073268380410669, "20tot40": 0.3565575044257414}
650995332675993601	{"40plus": 0.2392357876843925, "onder20": 0.002902800541427364, "20tot40": 0.7578614117741944}
650992861970829312	{"40plus": 0.32121330596842423, "onder20": 0.013584449628683572, "20tot40": 0.6652022444028904}
650973448374743040	{"40plus": 0.15390636732752083, "onder20": 0.00015391897227537928, "20tot40": 0.8459397137002057}
648848942868905984	{"40plus": 0.2971321085544853, "onder20": 0.19187972487868232, "20tot40": 0.5109881665668328}
648848378927947776	{"40plus": 0.2506397012601734, "onder20": 0.021279870537230502, "20tot40": 0.7280804282025993}
648450204300103680	{"40plus": 0.05823828322510149, "onder20": 0.028219464854472034, "20tot40": 0.9135422519204266}
648449905799884800	{"40plus": 0.11529924971120092, "onder20": 0.18743943408941954, "20tot40": 0.6972613161993669}
645907596373794816	{"40plus": 4.1138944702201935e-05, "onder20": 0.14301069737225594, "20tot40": 0.856948163683041}
644159432046321664	{"40plus": 0.6597647921629199, "onder20": 0.0015597321774285858, "20tot40": 0.3386754756596569}
644151428441841665	{"40plus": 0.2721740823479016, "onder20": 0.002168381328779533, "20tot40": 0.7256575363233296}
643346225941639168	{"40plus": 0.6662070014265032, "onder20": 0.016418274559789565, "20tot40": 0.3173747240137087}
643336474709069824	{"40plus": 0.7248223551576045, "onder20": 0.00016348972279751298, "20tot40": 0.2750141551195952}
642764795574403072	{"40plus": 0.2927557767697171, "onder20": 0.1234968258591182, "20tot40": 0.5837473973711661}
642638853854134272	{"40plus": 0.6045574004316365, "onder20": 0.0012495671256450166, "20tot40": 0.39419303244270965}
642059215163531265	{"40plus": 0.4754047317466495, "onder20": 0.05974119681083378, "20tot40": 0.464854071442517}
642058862099623936	{"40plus": 0.001754368616533621, "onder20": 0.8964380116427175, "20tot40": 0.10180761974074284}
641554793685745664	{"40plus": 0.28813046136703724, "onder20": 0.012556667700560803, "20tot40": 0.6993128709324106}
641271805987176448	{"40plus": 0.011946797715798697, "onder20": 0.9097321549581174, "20tot40": 0.07832104732608641}
641262423710810113	{"40plus": 0.25921583978456214, "onder20": 0.28585805979382883, "20tot40": 0.4549261004216113}
641234976432852993	{"40plus": 0.06928748293683881, "onder20": 0.0032180606968277275, "20tot40": 0.9274944563663381}
641212208786051073	{"40plus": 0.3897302786554773, "onder20": 0.28868941447532664, "20tot40": 0.3215803068691968}
640910652492615680	{"40plus": 0.6690437083688684, "onder20": 0.0029905132296369204, "20tot40": 0.3279657784015055}
640146123068473344	{"40plus": 0.3633241614755703, "onder20": 0.055991950862356143, "20tot40": 0.5806838876620768}
639814377537974272	{"40plus": 0.2048653893191247, "onder20": 0.08824094050142622, "20tot40": 0.7068936701794424}
639793969040359424	{"40plus": 0.22894870970744916, "onder20": 0.4734906682989207, "20tot40": 0.29756062199363104}
639792867431555072	{"40plus": 0.7682493252077053, "onder20": 1.6087501941222519e-07, "20tot40": 0.23175051391728183}
639672040279154688	{"40plus": 0.17041820409373998, "onder20": 0.14314108280588672, "20tot40": 0.6864407131003745}
639665630032084992	{"40plus": 0.18680403263982967, "onder20": 0.5118557211706983, "20tot40": 0.30134024618947214}
639555501223768065	{"40plus": 0.0057201978243893855, "onder20": 0.05490692342434418, "20tot40": 0.9393728787512602}
639555246000340993	{"40plus": 0.4297011984117728, "onder20": 0.06164925159879686, "20tot40": 0.508649549989429}
639340362818002944	{"40plus": 0.4623546254572933, "onder20": 7.273018669851681e-05, "20tot40": 0.5375726443560013}
639076082008899584	{"40plus": 0.003154709192395893, "onder20": 0.8800477767323982, "20tot40": 0.11679751407521934}
639042135895994368	{"40plus": 0.01634236528567136, "onder20": 0.7510822431658551, "20tot40": 0.23257539154846957}
639000358677835776	{"40plus": 0.5729005476572187, "onder20": 0.009441411341990329, "20tot40": 0.41765804100078757}
639000206370045952	{"40plus": 0.538243906888143, "onder20": 0.01948769752887628, "20tot40": 0.44226839558298053}
638999209266520064	{"40plus": 0.3802500447243304, "onder20": 0.0012249256277503057, "20tot40": 0.6185250296479177}
638409096551604226	{"40plus": 0.4354110402787001, "onder20": 0.07180966085222636, "20tot40": 0.49277929886906985}
638306866964119552	{"40plus": 0.7156504276274454, "onder20": 5.063672117675544e-05, "20tot40": 0.28429893565136516}
637504131075325952	{"40plus": 0.5630928604292014, "onder20": 0.008209496529114181, "20tot40": 0.4286976430416822}
637212676213579776	{"40plus": 0.2791521717599668, "onder20": 0.1456622221760987, "20tot40": 0.57518560606393}
636100074171461632	{"40plus": 0.22660198110123086, "onder20": 0.0716076841817205, "20tot40": 0.7017903347170459}
636084000394756096	{"40plus": 0.20173416537273697, "onder20": 0.5708341471411755, "20tot40": 0.22743168748608633}
636083014846554112	{"40plus": 0.684187338809174, "onder20": 5.238094883495544e-05, "20tot40": 0.3157602802419954}
635818469028663296	{"40plus": 0.0408138047532029, "onder20": 0.4598781121028176, "20tot40": 0.4993080831439805}
635818117604724736	{"40plus": 0.07657238555059202, "onder20": 0.07152194813919974, "20tot40": 0.8519056663102117}
634719780189159424	{"40plus": 0.14063984039186211, "onder20": 0.4529848190697703, "20tot40": 0.4063753405383816}
634633831023288320	{"40plus": 0.35445747214475903, "onder20": 0.22594325118572925, "20tot40": 0.41959927666951363}
634632913880006656	{"40plus": 0.0073452659328895175, "onder20": 0.5034856669584291, "20tot40": 0.4891690671086786}
634632653019422720	{"40plus": 0.00957539162308006, "onder20": 0.8776838710057543, "20tot40": 0.11274073737116948}
633992127907778560	{"40plus": 0.2528584283060928, "onder20": 0.00027195787311741433, "20tot40": 0.7468696138207942}
633943279785123840	{"40plus": 0.822244045616476, "onder20": 0.003974150376494827, "20tot40": 0.17378180400702872}
633645855099224064	{"40plus": 0.18351381742344358, "onder20": 0.035058915310995, "20tot40": 0.7814272672655641}
633588112413884416	{"40plus": 0.3351117956976211, "onder20": 0.0041230238808879285, "20tot40": 0.660765180421485}
633539758803828737	{"40plus": 0.289344310850455, "onder20": 0.00025497539448699256, "20tot40": 0.7104007137550694}
633247728965955584	{"40plus": 0.1550583061973769, "onder20": 0.6162716223518546, "20tot40": 0.22867007145076929}
633241895347572736	{"40plus": 0.027875321927522557, "onder20": 0.815539550951592, "20tot40": 0.15658512712088538}
633194072874872832	{"40plus": 0.005165499889211725, "onder20": 0.9336173087151072, "20tot40": 0.06121719139568497}
633167953614217216	{"40plus": 0.10405810360319136, "onder20": 0.232405868629468, "20tot40": 0.6635360277673388}
631859435657408512	{"40plus": 0.07775008813253735, "onder20": 0.7434885982325549, "20tot40": 0.17876131363490746}
631700710313340928	{"40plus": 3.741841423432467e-05, "onder20": 0.9776222042798163, "20tot40": 0.0223403773059541}
630993632015876096	{"40plus": 0.7652549913856871, "onder20": 6.265385408317957e-05, "20tot40": 0.2346823547602187}
630634755004989440	{"40plus": 0.021293379030943433, "onder20": 0.8104361319780969, "20tot40": 0.16827048899096045}
629552572160978944	{"40plus": 0.16930053688180777, "onder20": 0.0005094985182656017, "20tot40": 0.8301899645999288}
627086915645374464	{"40plus": 0.02564291936014896, "onder20": 0.02251272694498717, "20tot40": 0.9518443536948584}
627013791096639488	{"40plus": 0.3533907051570457, "onder20": 0.17602186948707152, "20tot40": 0.470587425355882}
626841658659835904	{"40plus": 0.2500206445903192, "onder20": 4.730425234935293e-05, "20tot40": 0.7499320511573213}
625929995739897856	{"40plus": 0.5849452368093884, "onder20": 8.628802038207359e-06, "20tot40": 0.4150461343885825}
625929810016104448	{"40plus": 0.5264679042095898, "onder20": 0.0006183531555106241, "20tot40": 0.4729137426348992}
623838510856994816	{"40plus": 0.1399943549776746, "onder20": 0.40599592656976485, "20tot40": 0.45400971845255633}
623838384788738048	{"40plus": 0.09448601685810575, "onder20": 0.00015137029151574783, "20tot40": 0.9053626128503897}
623836402002882560	{"40plus": 0.41247040279063923, "onder20": 0.08323652520500517, "20tot40": 0.5042930720043554}
623819946959704064	{"40plus": 0.14144826066678332, "onder20": 0.23621608253982837, "20tot40": 0.6223356567934009}
623802989703266304	{"40plus": 0.24069824637423165, "onder20": 0.4573390009788028, "20tot40": 0.30196275264696526}
623801177289924608	{"40plus": 0.17489288831123445, "onder20": 0.40354740997120064, "20tot40": 0.42155970171756524}
623746791368978433	{"40plus": 0.3619171619606922, "onder20": 0.22590654474623537, "20tot40": 0.41217629329306865}
623479137102077953	{"40plus": 0.257406818899572, "onder20": 0.3979581352905749, "20tot40": 0.34463504580984977}
623475487281672192	{"40plus": 0.3261501948759836, "onder20": 0.35742463379258954, "20tot40": 0.316425171331428}
623379543500451840	{"40plus": 0.13497403303178254, "onder20": 0.6890985926553027, "20tot40": 0.1759273743129144}
623379431369871360	{"40plus": 0.13497403303178254, "onder20": 0.6890985926553027, "20tot40": 0.1759273743129144}
623139271201955840	{"40plus": 0.36379523677403636, "onder20": 0.00014398880325476596, "20tot40": 0.6360607744227132}
623107697563598848	{"40plus": 0.021933747506289816, "onder20": 0.09346600930171135, "20tot40": 0.8846002431919928}
623066556793245696	{"40plus": 0.2725331800654336, "onder20": 0.004538084570930206, "20tot40": 0.7229287353636417}
622472433623277568	{"40plus": 0.8715955669977588, "onder20": 1.6867837585452722e-06, "20tot40": 0.12840274621849446}
622471682385690624	{"40plus": 0.06719314852797673, "onder20": 0.19868623568954427, "20tot40": 0.7341206157824847}
622377627060445184	{"40plus": 0.06719314852797673, "onder20": 0.19868623568954427, "20tot40": 0.7341206157824847}
621990450115805184	{"40plus": 0.26798669596099506, "onder20": 0.003163797082214544, "20tot40": 0.728849506956794}
621949124116676608	{"40plus": 0.5021104124986693, "onder20": 0.12205734561542171, "20tot40": 0.3758322418859039}
621264799754788864	{"40plus": 3.708388197918057e-05, "onder20": 0.9917249222795371, "20tot40": 0.008237993838477906}
620493373741342720	{"40plus": 0.29412109717947776, "onder20": 0.2379458565112741, "20tot40": 0.46793304630924804}
620114738622636032	{"40plus": 0.39110524180331807, "onder20": 0.0014755949541753386, "20tot40": 0.60741916324251}
618755665260072960	{"40plus": 0.0537957284366027, "onder20": 0.4020958202595654, "20tot40": 0.5441084513038373}
618062603705712640	{"40plus": 0.17666235193990384, "onder20": 0.2250176009822239, "20tot40": 0.5983200470778752}
617980996152111104	{"40plus": 0.00010139097822882901, "onder20": 0.9536296731300737, "20tot40": 0.04626893589169045}
617957125785038848	{"40plus": 0.13512813260093887, "onder20": 0.32135084833557986, "20tot40": 0.5435210190634855}
616171417466445824	{"40plus": 0.6070643600784668, "onder20": 0.012949198664432829, "20tot40": 0.37998644125710057}
616147303326478336	{"40plus": 0.44813175600841476, "onder20": 0.0003988940130860802, "20tot40": 0.5514693499784953}
616137937760219136	{"40plus": 0.43393554771802867, "onder20": 0.01924962804086216, "20tot40": 0.5468148242411076}
615845972418134016	{"40plus": 0.19652311740596726, "onder20": 0.04590903944253062, "20tot40": 0.7575678431514955}
613047948977524736	{"40plus": 0.12947467447605815, "onder20": 0.007365308352469708, "20tot40": 0.8631600171714849}
611196963552407553	{"40plus": 0.05146604507002593, "onder20": 0.25781660477512114, "20tot40": 0.6907173501548565}
611142506412163072	{"40plus": 0.29900930451199115, "onder20": 0.45717642611963094, "20tot40": 0.24381426936837208}
611115329503240192	{"40plus": 0.39149804933133125, "onder20": 0.0007594197076277314, "20tot40": 0.6077425309610502}
610806478291734529	{"40plus": 0.1267905304532306, "onder20": 0.575225958390876, "20tot40": 0.2979835111558937}
610801343876493312	{"40plus": 0.47152412552277856, "onder20": 0.0018813927503430424, "20tot40": 0.5265944817268743}
609294758532542465	{"40plus": 0.03219118231446532, "onder20": 0.8203693707105796, "20tot40": 0.1474394469749554}
608899031188803584	{"40plus": 0.371521682227633, "onder20": 0.012809023460949838, "20tot40": 0.6156692943114055}
608585459833446400	{"40plus": 0.529584264740037, "onder20": 0.0047983320501658756, "20tot40": 0.46561740320979583}
608285378873835521	{"40plus": 0.9874002487240962, "onder20": 1.3765432468396716e-09, "20tot40": 0.012599749899346698}
608261476973965312	{"40plus": 0.8370721994158293, "onder20": 4.124147944057526e-06, "20tot40": 0.16292367643621716}
608218283553222657	{"40plus": 0.6859604158039199, "onder20": 0.0004797626698880578, "20tot40": 0.3135598215261953}
608166479209623552	{"40plus": 0.12617455742029185, "onder20": 0.6435612155980057, "20tot40": 0.23026422698170243}
603118195294216193	{"40plus": 0.47718179310005715, "onder20": 8.324567292834772e-05, "20tot40": 0.522734961227011}
602898433402343424	{"40plus": 0.3148996976493034, "onder20": 0.005783603377393018, "20tot40": 0.6793166989733038}
601675263869607936	{"40plus": 0.7613750407797999, "onder20": 0.00034804470013148874, "20tot40": 0.2382769145200574}
601674661898932224	{"40plus": 0.17447928491307896, "onder20": 0.0019499179807788885, "20tot40": 0.8235707971061424}
600593394650451968	{"40plus": 0.10686228317347134, "onder20": 0.707520204822884, "20tot40": 0.18561751200364446}
600591745823408129	{"40plus": 0.3001124200293265, "onder20": 0.004324444314898472, "20tot40": 0.6955631356557775}
600561817174310912	{"40plus": 0.5911994001252903, "onder20": 0.0006660784072895708, "20tot40": 0.40813452146741996}
600560356793122816	{"40plus": 0.12617455742029185, "onder20": 0.6435612155980057, "20tot40": 0.23026422698170243}
600558856134090752	{"40plus": 0.41907162386439384, "onder20": 0.0003073059805999984, "20tot40": 0.5806210701550029}
600558752589316096	{"40plus": 0.129398760624635, "onder20": 0.28687994985707527, "20tot40": 0.583721289518285}
600557902588416000	{"40plus": 0.02898317891981484, "onder20": 0.4882156839916497, "20tot40": 0.48280113708853234}
600362768064225280	{"40plus": 0.5948616467707252, "onder20": 0.004440546171280636, "20tot40": 0.4006978070579939}
599132749086269440	{"40plus": 0.6811965463194236, "onder20": 7.173311600072385e-05, "20tot40": 0.31873172056457993}
598486084717260800	{"40plus": 0.14957065498873812, "onder20": 0.735633612527642, "20tot40": 0.11479573248361641}
598401881438855168	{"40plus": 0.29576479973328235, "onder20": 0.01663437338878409, "20tot40": 0.6876008268779195}
598394986296639488	{"40plus": 0.16359455578869572, "onder20": 0.4240709010803753, "20tot40": 0.41233454313092727}
598384444966305792	{"40plus": 0.8708131842776321, "onder20": 0.03582430802622971, "20tot40": 0.09336250769614382}
598023980793110528	{"40plus": 0.35662615086641064, "onder20": 0.08905350228674862, "20tot40": 0.5543203468468373}
596918861598973952	{"40plus": 0.6140309314965541, "onder20": 0.003420820382973516, "20tot40": 0.3825482481204689}
596575214164639744	{"40plus": 0.60986952570002, "onder20": 0.0012953177373912733, "20tot40": 0.38883515656259116}
596570453445058561	{"40plus": 0.47869209008873725, "onder20": 0.139630628108497, "20tot40": 0.3816772818027621}
596288792018944001	{"40plus": 0.08734148833146375, "onder20": 0.01145801198578087, "20tot40": 0.9012004996827682}
595258544414433280	{"40plus": 0.1345871575987174, "onder20": 0.5173502143165536, "20tot40": 0.34806262808472865}
595214005628698625	{"40plus": 0.4269403937922736, "onder20": 0.01705984611458143, "20tot40": 0.555999760093149}
594102094073856000	{"40plus": 0.07741421266551445, "onder20": 3.749249111712189e-05, "20tot40": 0.9225482948433762}
594098149058322432	{"40plus": 0.9159796175567927, "onder20": 3.028151817447865e-06, "20tot40": 0.08401735429139406}
593396863358885888	{"40plus": 0.4243683014077439, "onder20": 1.8020699846197823e-05, "20tot40": 0.5756136778923989}
593396323212222465	{"40plus": 0.3047225195669712, "onder20": 0.1198262413109358, "20tot40": 0.5754512391220948}
590945182813675520	{"40plus": 0.48107953250976326, "onder20": 0.00012771733498510973, "20tot40": 0.5187927501552576}
590876654639132673	{"40plus": 0.5258820902119611, "onder20": 0.03714027750233158, "20tot40": 0.4369776322857087}
590862328083668993	{"40plus": 0.42633153383650885, "onder20": 0.060781229399430134, "20tot40": 0.5128872367640546}
590812794745974784	{"40plus": 0.25272631187043826, "onder20": 0.00037495451118146027, "20tot40": 0.7468987336183806}
590534460308922368	{"40plus": 0.11631630862674602, "onder20": 0.6992709787986152, "20tot40": 0.18441271257463726}
590497720915329024	{"40plus": 0.7358901889177428, "onder20": 0.1370936089259222, "20tot40": 0.12701620215633563}
590495951091015681	{"40plus": 0.3440212372793577, "onder20": 2.0562425349459065e-05, "20tot40": 0.6559582002952911}
590494258416726016	{"40plus": 0.1608884514087045, "onder20": 0.41058309486640604, "20tot40": 0.4285284537248891}
590493790567301120	{"40plus": 0.0012714050445836122, "onder20": 0.22749052487008445, "20tot40": 0.7712380700853309}
590493332347977729	{"40plus": 0.2575279505115859, "onder20": 0.010238009623827737, "20tot40": 0.7322340398645879}
590099331157471232	{"40plus": 0.5656809659910168, "onder20": 0.00012257922369129904, "20tot40": 0.4341964547852985}
590065792449916928	{"40plus": 0.20764740239999013, "onder20": 0.11731978815259785, "20tot40": 0.6750328094474133}
590050114133196800	{"40plus": 0.1431373705464227, "onder20": 0.5951155399350784, "20tot40": 0.26174708951849907}
589020120544051201	{"40plus": 0.08708463798802751, "onder20": 0.0006626271043305022, "20tot40": 0.9122527349076505}
589017528459988993	{"40plus": 0.2330894064718305, "onder20": 0.003193960847781064, "20tot40": 0.7637166326803905}
589015990320689152	{"40plus": 0.21550528848701642, "onder20": 4.917006749861834e-05, "20tot40": 0.7844455414454888}
589005475993255936	{"40plus": 0.19507054047714656, "onder20": 0.002489774948774729, "20tot40": 0.8024396845740713}
588686103097561088	{"40plus": 0.008445564269346149, "onder20": 0.02407048264918635, "20tot40": 0.9674839530814936}
588224621113118720	{"40plus": 0.34111662345929417, "onder20": 0.012826117743648146, "20tot40": 0.6460572587970587}
587493699707392000	{"40plus": 0.430905938345593, "onder20": 0.0005714761372160018, "20tot40": 0.5685225855171852}
587493545642221568	{"40plus": 0.512426898870196, "onder20": 0.0011141851165485583, "20tot40": 0.48645891601325825}
586976510961065984	{"40plus": 0.3842283252737008, "onder20": 0.003341733364488931, "20tot40": 0.6124299413618106}
586974506570264576	{"40plus": 0.7575829071768425, "onder20": 0.0002961730843292553, "20tot40": 0.24212091973882302}
586913094770810880	{"40plus": 0.1841772054221513, "onder20": 0.28544386496884716, "20tot40": 0.5303789296090066}
586414214425640960	{"40plus": 0.000351884116559331, "onder20": 0.9503642803621868, "20tot40": 0.04928383552124867}
585891488984367104	{"40plus": 0.15041518022514558, "onder20": 0.18075459895433055, "20tot40": 0.6688302208205227}
585891342506655744	{"40plus": 0.3159411091993686, "onder20": 0.0029421426676413307, "20tot40": 0.6811167481329943}
585789269383450625	{"40plus": 0.42380623590285843, "onder20": 0.022073920046669276, "20tot40": 0.5541198440504723}
585788909864517632	{"40plus": 0.12363158615693004, "onder20": 0.05462914168872003, "20tot40": 0.8217392721543506}
585731528715415552	{"40plus": 0.531062993845852, "onder20": 0.03353371608572777, "20tot40": 0.4354032900684236}
585731304446099458	{"40plus": 0.6296921285995829, "onder20": 0.007441621450105623, "20tot40": 0.36286624995031125}
584790345487142913	{"40plus": 0.5055615636696398, "onder20": 0.004494380313974387, "20tot40": 0.48994405601638913}
584641734363246592	{"40plus": 0.0019489831678463597, "onder20": 0.11456665562406451, "20tot40": 0.8834843612080886}
584631415972724736	{"40plus": 0.007112444665375834, "onder20": 0.0720923765360724, "20tot40": 0.9207951787985537}
584628659740254209	{"40plus": 0.011459819521811323, "onder20": 0.8985020651158637, "20tot40": 0.09003811536233024}
584390052714786817	{"40plus": 0.734207171809508, "onder20": 0.000520496975965404, "20tot40": 0.26527233121453}
584237958171074560	{"40plus": 0.4468843069173741, "onder20": 0.007059110438498484, "20tot40": 0.5460565826441263}
584093825670520832	{"40plus": 0.5376342326535798, "onder20": 0.011825823414096765, "20tot40": 0.45053994393231783}
583282675341008898	{"40plus": 8.1114283459355e-06, "onder20": 0.000587176210086164, "20tot40": 0.9994047123615787}
583189821734154240	{"40plus": 0.153142597161901, "onder20": 0.1574064677343142, "20tot40": 0.6894509351037867}
583181785246363648	{"40plus": 0.06342702038076173, "onder20": 0.552158381260246, "20tot40": 0.38441459835899483}
583174976607555584	{"40plus": 0.497564813062825, "onder20": 0.023167192284385952, "20tot40": 0.47926799465278813}
583136980713779200	{"40plus": 0.08046087416904027, "onder20": 0.00011542359520993482, "20tot40": 0.9194237022357453}
582908075025170433	{"40plus": 0.521260854465362, "onder20": 0.0033167800063912097, "20tot40": 0.4754223655282405}
582906326247972864	{"40plus": 0.17921941795947346, "onder20": 0.1321089478853702, "20tot40": 0.6886716341551584}
582905516155863040	{"40plus": 0.03397544479890907, "onder20": 0.4227042299564479, "20tot40": 0.5433203252446372}
582904372180459520	{"40plus": 0.18768503127341418, "onder20": 0.08889590368393263, "20tot40": 0.7234190650426585}
582901253929361408	{"40plus": 0.2750748371483831, "onder20": 0.003956001805116595, "20tot40": 0.7209691610464997}
582894155271151616	{"40plus": 0.18824588264667103, "onder20": 0.45354471683621767, "20tot40": 0.3582094005171135}
582892950503481344	{"40plus": 0.0075612331240922015, "onder20": 0.7677791849258236, "20tot40": 0.224659581950085}
582889293842116608	{"40plus": 0.24767524031006463, "onder20": 0.17728701571224872, "20tot40": 0.5750377439776893}
582877489602699265	{"40plus": 0.821787056463701, "onder20": 0.00011434835478357037, "20tot40": 0.17809859518151094}
582872407314194432	{"40plus": 0.00044106097020113596, "onder20": 0.9867481497708049, "20tot40": 0.012810789258999113}
582528462637965312	{"40plus": 0.03246237409180864, "onder20": 0.36676384388117683, "20tot40": 0.6007737820270137}
582513218196803585	{"40plus": 0.12433082460809915, "onder20": 0.49677783720339674, "20tot40": 0.3788913381885033}
582477480566661120	{"40plus": 0.1548493478370266, "onder20": 0.027046920635039592, "20tot40": 0.8181037315279279}
582445697703759872	{"40plus": 8.901218030041402e-05, "onder20": 0.13370576428548686, "20tot40": 0.8662052235342041}
582444878535225345	{"40plus": 0.055095292660514245, "onder20": 0.04703111028195279, "20tot40": 0.8978735970575393}
582443386680016896	{"40plus": 0.538735965147235, "onder20": 0.0001859765384581309, "20tot40": 0.4610780583143105}
581413057173291009	{"40plus": 0.5071085188883462, "onder20": 3.453973804501021e-05, "20tot40": 0.4928569413736181}
581411172404109312	{"40plus": 0.9731427488507075, "onder20": 7.301884591438207e-11, "20tot40": 0.02685725107627891}
581410697084608512	{"40plus": 0.5507824102108065, "onder20": 5.1310431252755486e-05, "20tot40": 0.44916627935794423}
581391023638736897	{"40plus": 0.18590699842895916, "onder20": 0.00012271063766130456, "20tot40": 0.8139702909333657}
581355332049498112	{"40plus": 0.578379533817676, "onder20": 0.004388571736526078, "20tot40": 0.4172318944457969}
580740938210930688	{"40plus": 0.1201145867109685, "onder20": 0.4031871909435557, "20tot40": 0.4766982223454762}
580719797501038592	{"40plus": 0.5516558927188028, "onder20": 0.15170638167125125, "20tot40": 0.2966377256099517}
580641887884865536	{"40plus": 0.43398498743686276, "onder20": 0.05133218474446186, "20tot40": 0.5146828278186721}
580639091785641984	{"40plus": 1.4218299083060818e-05, "onder20": 0.9890986505320951, "20tot40": 0.010887131168824034}
580638870829678592	{"40plus": 0.625144409697332, "onder20": 8.094156352561867e-08, "20tot40": 0.37485550936111633}
580638287590756352	{"40plus": 0.01978604912282605, "onder20": 0.21593041328425974, "20tot40": 0.7642835375929076}
580637523124359168	{"40plus": 0.6092264163626676, "onder20": 0.01765405106974811, "20tot40": 0.3731195325675807}
580089293793804288	{"40plus": 0.7197535383177049, "onder20": 0.0020236389075805592, "20tot40": 0.27822282277471266}
580028126308274176	{"40plus": 0.007038867904530448, "onder20": 0.8243995280404606, "20tot40": 0.16856160405500734}
578875113866731520	{"40plus": 0.23001200136199734, "onder20": 0.00010470830711910348, "20tot40": 0.7698832903308824}
578564397607567360	{"40plus": 0.4611887728510623, "onder20": 0.000831406936958455, "20tot40": 0.5379798202119754}
578533453689405440	{"40plus": 0.0406917722499775, "onder20": 8.094980014475219e-05, "20tot40": 0.9592272779498726}
578121231838253056	{"40plus": 0.49028920027948913, "onder20": 0.0023645888289191733, "20tot40": 0.5073462108915969}
577784865149562880	{"40plus": 0.8209364847836451, "onder20": 8.231874736038565e-05, "20tot40": 0.1789811964690015}
577774332589522945	{"40plus": 0.4806584724212837, "onder20": 0.05687039199171574, "20tot40": 0.4624711355870006}
577769196861435904	{"40plus": 0.13856710165183306, "onder20": 0.4134513845696667, "20tot40": 0.44798151377850076}
577766967542706176	{"40plus": 0.1558682774456169, "onder20": 0.25651420221011006, "20tot40": 0.5876175203442734}
577761355656228865	{"40plus": 0.257690057984727, "onder20": 8.155451180404488e-06, "20tot40": 0.7423017865640936}
577756053632380929	{"40plus": 0.6260042515925511, "onder20": 1.4401338702452825e-05, "20tot40": 0.37398134706873976}
577755321176817664	{"40plus": 0.1776912343142121, "onder20": 0.08241985989083961, "20tot40": 0.7398889057949493}
577751261367394304	{"40plus": 0.4900934056988677, "onder20": 0.27543849988873315, "20tot40": 0.23446809441240268}
577750996883017728	{"40plus": 0.2657102230505741, "onder20": 0.22800298138097166, "20tot40": 0.5062867955684554}
577413026858573824	{"40plus": 0.5357359989351688, "onder20": 0.030372811102455727, "20tot40": 0.43389118996236214}
577387016939266048	{"40plus": 0.6460525780455503, "onder20": 7.489926762706115e-06, "20tot40": 0.3539399320276882}
576339524755787776	{"40plus": 0.47891996571000806, "onder20": 0.12452443543115527, "20tot40": 0.3965555988588377}
576315220689346560	{"40plus": 0.46988127137430763, "onder20": 0.0026368651509333855, "20tot40": 0.5274818634747526}
576313348687585280	{"40plus": 0.8372593598313779, "onder20": 6.127370430388478e-05, "20tot40": 0.16267936646431994}
575925847254769665	{"40plus": 0.12617455742029185, "onder20": 0.6435612155980057, "20tot40": 0.23026422698170243}
575203079420796928	{"40plus": 0.5949353247122281, "onder20": 0.02223268862279318, "20tot40": 0.38283198666498225}
575013846403915776	{"40plus": 0.6494240106440747, "onder20": 3.777884480414948e-07, "20tot40": 0.3505756115674668}
574929861644541952	{"40plus": 0.47678223942137454, "onder20": 0.005150707650795788, "20tot40": 0.5180670529278295}
574913412892856320	{"40plus": 0.14293882339510644, "onder20": 0.00925697861375215, "20tot40": 0.8478041979911367}
574904542506184705	{"40plus": 0.3057799132542276, "onder20": 0.2197696471194985, "20tot40": 0.4744504396262736}
574900248029626369	{"40plus": 0.13860664977325582, "onder20": 0.035628902839137305, "20tot40": 0.8257644473876011}
574823599032377344	{"40plus": 0.5744636494008731, "onder20": 0.022716094158314597, "20tot40": 0.40282025644081304}
573868232664301569	{"40plus": 0.04416809021668675, "onder20": 0.00034130119457258083, "20tot40": 0.9554906085887457}
573865963151556608	{"40plus": 0.20252538307467258, "onder20": 0.032833235778536404, "20tot40": 0.7646413811467918}
573192276035440640	{"40plus": 0.056227663786703366, "onder20": 0.04966975033832477, "20tot40": 0.8941025858749654}
573175810384908289	{"40plus": 0.5304452918586388, "onder20": 0.02974080179166268, "20tot40": 0.4398139063496962}
573077326096945152	{"40plus": 0.7926309949164315, "onder20": 0.0001242832263040768, "20tot40": 0.20724472185726106}
573076036038107137	{"40plus": 0.6402502616349482, "onder20": 0.0001525198557989362, "20tot40": 0.3595972185092513}
573075064486141952	{"40plus": 0.13200102051122634, "onder20": 0.6176987686308886, "20tot40": 0.2503002108578964}
573022634981629952	{"40plus": 0.09621885136022058, "onder20": 0.004948800503212733, "20tot40": 0.8988323481365571}
572713787800862720	{"40plus": 0.7435428050831056, "onder20": 2.0515178105426487e-05, "20tot40": 0.25643667973878614}
571575261088645120	{"40plus": 0.12848595614790614, "onder20": 0.26351060927077025, "20tot40": 0.6080034345813223}
571341110951448578	{"40plus": 0.1427754580831226, "onder20": 0.017699904102113535, "20tot40": 0.839524637814764}
571270310340788224	{"40plus": 0.8137486964644931, "onder20": 0.0013136723406300176, "20tot40": 0.18493763119487872}
571248441982103552	{"40plus": 0.0404763450025909, "onder20": 0.47741686122374033, "20tot40": 0.4821067937736708}
571247772214665216	{"40plus": 0.3186233448266106, "onder20": 0.00018048314568935403, "20tot40": 0.6811961720277055}
570198412701929473	{"40plus": 0.3650009907517356, "onder20": 0.027112633643086092, "20tot40": 0.607886375605181}
569799567086108672	{"40plus": 0.36041694105815103, "onder20": 0.009275827987149982, "20tot40": 0.6303072309547126}
569788341014683649	{"40plus": 0.32286640981748305, "onder20": 0.0475438607721225, "20tot40": 0.6295897294103929}
569770690271961088	{"40plus": 0.12243922906156345, "onder20": 0.6132272370012216, "20tot40": 0.2643335339372153}
567661024703447040	{"40plus": 0.5954164717688581, "onder20": 0.0018608870847770678, "20tot40": 0.40272264114636097}
567262705674108929	{"40plus": 0.04053163458450011, "onder20": 0.4631151442373695, "20tot40": 0.4963532211781318}
566570856525365248	{"40plus": 0.8162170936286076, "onder20": 4.8783140169222546e-05, "20tot40": 0.18373412323123264}
563747981833162752	{"40plus": 0.5090231931369272, "onder20": 0.0012034276270534645, "20tot40": 0.489773379236015}
563680717566402561	{"40plus": 0.01252431010157074, "onder20": 0.9398704292395459, "20tot40": 0.04760526065888369}
560506392285839360	{"40plus": 0.8421358227744646, "onder20": 0.0038318039170997147, "20tot40": 0.15403237330843722}
560505607837741056	{"40plus": 0.48623576593498546, "onder20": 0.024838745059743095, "20tot40": 0.48892548900527316}
559699721712070656	{"40plus": 0.0828677809236781, "onder20": 0.6763039309872312, "20tot40": 0.24082828808908974}
558611212003737600	{"40plus": 0.4504617201034859, "onder20": 0.002234579251254507, "20tot40": 0.5473037006452609}
558535844861333504	{"40plus": 0.07006940403660712, "onder20": 0.00043305114873715757, "20tot40": 0.9294975448146423}
557881204893302786	{"40plus": 0.5661026359451541, "onder20": 0.007500518813756921, "20tot40": 0.42639684524109117}
557126760652107776	{"40plus": 0.15079552978239097, "onder20": 0.30519270259207903, "20tot40": 0.5440117676255273}
557072632919883776	{"40plus": 0.022041614191284458, "onder20": 0.11770404955889154, "20tot40": 0.8602543362498287}
554571041310515200	{"40plus": 0.2293764487685825, "onder20": 0.513272007491037, "20tot40": 0.2573515437403781}
553570278983618560	{"40plus": 0.026932481331866077, "onder20": 0.39969976759581444, "20tot40": 0.5733677510723234}
553499895903322112	{"40plus": 0.34050536731751097, "onder20": 0.00752598135125182, "20tot40": 0.6519686513312246}
553475758262583296	{"40plus": 0.8794583591463591, "onder20": 1.1487512079761481e-07, "20tot40": 0.12054152597852813}
553124251566612480	{"40plus": 0.7295502765705358, "onder20": 0.0003105286626635673, "20tot40": 0.270139194766787}
553123925086183425	{"40plus": 0.24112283447350122, "onder20": 0.3653688351331621, "20tot40": 0.3935083303933291}
552817957366403072	{"40plus": 0.05607463554394561, "onder20": 0.002781139035686498, "20tot40": 0.9411442254203772}
550607148053725184	{"40plus": 0.5037336868318831, "onder20": 0.003003797959133691, "20tot40": 0.49326251520898035}
550605303306539009	{"40plus": 0.585491636059285, "onder20": 2.18849619211054e-05, "20tot40": 0.41448647897878876}
550605198079840256	{"40plus": 0.8123154337162386, "onder20": 2.250735897497221e-06, "20tot40": 0.18768231554787623}
550238930353020930	{"40plus": 0.21563752880858647, "onder20": 0.008587741983059498, "20tot40": 0.7757747292083477}
550236826599194624	{"40plus": 0.7522790082168208, "onder20": 1.70387130942587e-05, "20tot40": 0.2477039530700893}
550236418145263616	{"40plus": 0.21474183926093196, "onder20": 0.35320098081013435, "20tot40": 0.43205717992893455}
549600535318241281	{"40plus": 0.6806683112275305, "onder20": 0.0006113998997461424, "20tot40": 0.31872028887272186}
549270140303732736	{"40plus": 0.014494953413958636, "onder20": 0.8647201209095803, "20tot40": 0.12078492567646036}
547734500500078592	{"40plus": 0.11949549351596742, "onder20": 0.26276135833760966, "20tot40": 0.617743148146425}
546654043243024384	{"40plus": 0.3056345945425538, "onder20": 0.0019454066716351262, "20tot40": 0.6924199987858204}
546009157464522752	{"40plus": 0.8154846388025816, "onder20": 0.0025948784133198893, "20tot40": 0.18192048278409167}
545944477421281280	{"40plus": 0.17945089019402372, "onder20": 0.00032910756052756445, "20tot40": 0.8202200022454584}
545900306186645505	{"40plus": 0.13912474660528562, "onder20": 9.68358231835489e-06, "20tot40": 0.8608655698124092}
545873365152845824	{"40plus": 0.6099958467109623, "onder20": 9.106093453654326e-06, "20tot40": 0.3899950471955976}
545864962967896064	{"40plus": 0.39697296002049204, "onder20": 0.0001849992983767255, "20tot40": 0.6028420406811263}
545864436427522048	{"40plus": 0.5464782842568808, "onder20": 0.0006803930075530222, "20tot40": 0.4528413227355691}
545864311827349505	{"40plus": 0.1998109045100347, "onder20": 1.5098305577105036e-06, "20tot40": 0.8001875856594136}
545861392151355392	{"40plus": 0.3713207851099814, "onder20": 0.08911125697523833, "20tot40": 0.5395679579147796}
544484519319859200	{"40plus": 0.38897321499053567, "onder20": 0.25424669458257143, "20tot40": 0.3567800904268959}
544194107300933632	{"40plus": 0.3031761757177, "onder20": 0.2638282967949396, "20tot40": 0.4329955274873564}
543360353846177794	{"40plus": 0.009299189384079695, "onder20": 0.9169903559668869, "20tot40": 0.07371045464903937}
543311626125189120	{"40plus": 0.8173287806374618, "onder20": 0.011676406695852178, "20tot40": 0.17099481266668629}
542762337581957120	{"40plus": 0.1682029981821623, "onder20": 0.0730387055260684, "20tot40": 0.7587582962917694}
542574076003639296	{"40plus": 0.5040072444017348, "onder20": 0.02253878591327036, "20tot40": 0.4734539696849943}
541874869206781952	{"40plus": 0.0774535001128854, "onder20": 0.010845364332358139, "20tot40": 0.9117011355547578}
539038313123176448	{"40plus": 0.028089552639464995, "onder20": 0.11937712014645092, "20tot40": 0.8525333272140847}
538961467610238976	{"40plus": 0.58607349685979, "onder20": 0.00698203619317216, "20tot40": 0.4069444669470431}
538745073518006272	{"40plus": 0.23479761768690258, "onder20": 0.11049419527244075, "20tot40": 0.6547081870406616}
538238639252467712	{"40plus": 0.12617455742029185, "onder20": 0.6435612155980057, "20tot40": 0.23026422698170243}
537260993047691265	{"40plus": 0.08133693143781705, "onder20": 0.7465465296219632, "20tot40": 0.17211653894021964}
537239768351141888	{"40plus": 0.6569236323846119, "onder20": 6.574024755392952e-07, "20tot40": 0.3430757102129155}
531758434434052096	{"40plus": 0.4449483949839183, "onder20": 0.31543332370895294, "20tot40": 0.2396182813071278}
530653678278295553	{"40plus": 0.21508879128353617, "onder20": 0.17373941399011572, "20tot40": 0.6111717947263613}
530651597710577664	{"40plus": 0.041924491223472284, "onder20": 0.005821307865592512, "20tot40": 0.9522542009109414}
530642419868774400	{"40plus": 0.1262576838741048, "onder20": 0.623390920695654, "20tot40": 0.2503513954302439}
530452414579474432	{"40plus": 0.6378103610716774, "onder20": 0.006798063757727427, "20tot40": 0.3553915751705976}
529958068810178560	{"40plus": 0.3057799132542276, "onder20": 0.2197696471194985, "20tot40": 0.4744504396262736}
529947258473943042	{"40plus": 0.006256224004148885, "onder20": 0.4471672534357364, "20tot40": 0.5465765225601134}
529929699620040704	{"40plus": 0.33986479153132443, "onder20": 0.0010849514503878449, "20tot40": 0.6590502570182941}
529926988816191488	{"40plus": 0.8455288897858628, "onder20": 3.410689715300509e-05, "20tot40": 0.15443700331698748}
529664555455361025	{"40plus": 0.2738150565741197, "onder20": 0.03764020250462775, "20tot40": 0.6885447409212476}
528089015489404929	{"40plus": 0.08296303450323599, "onder20": 0.1320765638415368, "20tot40": 0.7849604016552318}
527387117102850048	{"40plus": 0.2849445443629817, "onder20": 0.04518801771843829, "20tot40": 0.669867437918577}
526665611041312768	{"40plus": 0.0035565458461593916, "onder20": 0.9419838952986153, "20tot40": 0.054459558855215945}
526043678297849857	{"40plus": 0.47622760450146917, "onder20": 0.12347128649559123, "20tot40": 0.40030110900294164}
526043277876019201	{"40plus": 0.11818862416749201, "onder20": 0.13661592676161002, "20tot40": 0.7451954490709038}
525193170783842304	{"40plus": 0.5461056639603099, "onder20": 0.049536314034306465, "20tot40": 0.40435802200538}
524995136867278848	{"40plus": 0.24613528652308608, "onder20": 0.005018743050779432, "20tot40": 0.7488459704261285}
524955642180960256	{"40plus": 0.29075541187353776, "onder20": 0.08938689433007273, "20tot40": 0.6198576937963882}
524643597363056640	{"40plus": 0.6940152181062672, "onder20": 0.008224709341030482, "20tot40": 0.2977600725527005}
523901588570914816	{"40plus": 0.348767086374322, "onder20": 0.0028988119077281377, "20tot40": 0.648334101717955}
523743066658967552	{"40plus": 0.45671395672885906, "onder20": 0.00034912131855951626, "20tot40": 0.5429369219525735}
523723821501935616	{"40plus": 0.6938793774807452, "onder20": 0.0017786100518593835, "20tot40": 0.3043420124673923}
522353334578319360	{"40plus": 0.7153974855061317, "onder20": 1.48942207453595e-05, "20tot40": 0.2845876202731246}
522308507367116800	{"40plus": 0.006964131766896421, "onder20": 0.796375638971591, "20tot40": 0.1966602292615119}
522265355415470080	{"40plus": 0.29641743339586024, "onder20": 0.010058931631964486, "20tot40": 0.6935236349721707}
522262232961667072	{"40plus": 0.013573726761784194, "onder20": 0.2689976103170323, "20tot40": 0.7174286629211837}
522261372101750785	{"40plus": 0.3294225079915164, "onder20": 0.00049641407984045, "20tot40": 0.6700810779286361}
521925639604293632	{"40plus": 0.03719146418665568, "onder20": 0.0035931507161602425, "20tot40": 0.9592153850971883}
